3 0.097258 0.333437 0.125641 0.085156
3 0.085586 0.270811 0.131484 0.088848
3 0.098234 0.212393 0.166531 0.108262
3 0.084602 0.155215 0.158734 0.113125
3 0.122125 0.047500 0.227750 0.095000
3 0.891477 0.231855 0.217047 0.127734
3 0.855461 0.159463 0.185891 0.114355
3 0.795117 0.114463 0.092453 0.070566
0 0.750477 0.022607 0.074703 0.045215
0 0.772648 0.059814 0.079422 0.052559
0 0.918055 0.020420 0.064234 0.040840
0 0.850313 0.030625 0.061906 0.046719
0 0.868414 0.090449 0.058391 0.049570
0 0.936148 0.062744 0.074734 0.052559
3 0.397547 0.326143 0.149875 0.343066
