0 0.887094 0.017500 0.063063 0.035000
0 0.719508 0.022607 0.073578 0.045215
0 0.738195 0.059824 0.082922 0.055469
0 0.822281 0.029912 0.066562 0.051113
0 0.839781 0.089756 0.064188 0.056934
0 0.909875 0.059824 0.075906 0.058398
3 0.860812 0.231855 0.221906 0.132617
3 0.823828 0.160078 0.190750 0.113125
3 0.763969 0.113242 0.094406 0.070547
3 0.363484 0.328564 0.149875 0.343066
3 0.068062 0.336484 0.123687 0.093672
3 0.061547 0.273818 0.123094 0.090020
3 0.075664 0.211777 0.151328 0.102188
3 0.067391 0.156426 0.134781 0.108281
3 0.102914 0.049932 0.205828 0.099863
