3 0.529672 0.027705 0.046469 0.055410
3 0.478609 0.044922 0.048750 0.089844
3 0.431570 0.035596 0.047609 0.071191
1 0.244891 0.557715 0.014906 0.018711
1 0.257227 0.579932 0.010891 0.011543
1 0.267547 0.587832 0.013187 0.008672
1 0.290211 0.632285 0.011484 0.014414
1 0.199859 0.632285 0.013187 0.015859
3 0.450750 0.818184 0.049250 0.138633
3 0.159820 0.838799 0.045953 0.191816
3 0.500703 0.831328 0.051625 0.184063
1 0.269844 0.570977 0.013187 0.013711
0 0.126219 0.774424 0.040875 0.091973
0 0.119797 0.944492 0.035031 0.087578
0 0.050313 0.936465 0.031531 0.077383
0 0.012602 0.925518 0.025203 0.081738
0 0.016688 0.848877 0.033375 0.077363
1 0.200141 0.468428 0.014906 0.019434
0 0.248852 0.621865 0.075922 0.049629
0 0.100523 0.697783 0.064234 0.040879
0 0.048562 0.861279 0.037375 0.075918
0 0.082422 0.872227 0.037375 0.074453
0 0.081258 0.765664 0.037359 0.071523
0 0.045055 0.749609 0.030359 0.086133
0 0.014938 0.737930 0.029875 0.083203
3 0.210727 0.873838 0.055984 0.252324
3 0.255695 0.843252 0.043516 0.184121
3 0.353703 0.844180 0.046375 0.187031
3 0.400070 0.778750 0.050203 0.190039
3 0.557117 0.841562 0.053547 0.316875
3 0.607313 0.743789 0.042062 0.138047
3 0.657273 0.849033 0.046359 0.301934
3 0.704844 0.867480 0.043031 0.182266
3 0.760531 0.882734 0.046375 0.204375
3 0.804992 0.836416 0.040641 0.141621
3 0.903719 0.850449 0.050688 0.210352
3 0.986758 0.819980 0.026484 0.174492
3 0.108586 0.038105 0.052203 0.076211
3 0.152180 0.035234 0.048766 0.070469
3 0.227914 0.104434 0.068266 0.208867
3 0.285273 0.038467 0.047609 0.076934
3 0.384234 0.018389 0.051625 0.036777
3 0.666773 0.052090 0.040734 0.104180
3 0.844047 0.059980 0.049906 0.119961
3 0.983266 0.067861 0.033469 0.135723
3 0.926937 0.054961 0.048187 0.109922
3 0.796430 0.048506 0.043016 0.097012
0 0.306656 0.734277 0.037375 0.110938
3 0.711812 0.024482 0.040156 0.048965
3 0.580727 0.042051 0.047609 0.084102
