1 0.632703 0.063262 0.011469 0.012266
1 0.622664 0.060400 0.010891 0.010840
1 0.629258 0.045693 0.010328 0.011543
0 0.550164 0.441572 0.059547 0.083223
0 0.582281 0.410918 0.067750 0.083203
0 0.616727 0.383184 0.054891 0.074453
0 0.586367 0.310195 0.061891 0.074453
0 0.748703 0.129893 0.078250 0.093418
0 0.638922 0.106543 0.071250 0.078828
0 0.659945 0.341582 0.080578 0.102188
0 0.687969 0.464199 0.059563 0.075898
0 0.655281 0.493398 0.059563 0.078828
0 0.755719 0.484639 0.068906 0.078848
0 0.704328 0.559092 0.057219 0.078848
0 0.664031 0.601426 0.053719 0.075898
0 0.647102 0.639385 0.066578 0.084668
0 0.616734 0.678799 0.075906 0.090527
0 0.556594 0.613105 0.063062 0.078828
0 0.595133 0.562012 0.060734 0.075898
0 0.621406 0.530625 0.061906 0.083203
3 0.454758 0.691943 0.189266 0.233457
3 0.491031 0.619814 0.166656 0.205215
3 0.496391 0.534316 0.089344 0.114492
3 0.181148 0.199746 0.260641 0.087734
3 0.719430 0.346953 0.138109 0.179922
3 0.783078 0.329844 0.196406 0.243867
3 0.785461 0.249551 0.134547 0.151680
3 0.848508 0.161074 0.120266 0.138281
3 0.831852 0.075703 0.139297 0.151406
3 0.879430 0.051787 0.101234 0.098145
3 0.925828 0.046709 0.098844 0.093418
1 0.485836 0.026328 0.010328 0.028750
0 0.526805 0.486104 0.066578 0.087598
1 0.612055 0.028848 0.010328 0.016563
1 0.602008 0.066494 0.015484 0.020137
