3 0.753508 0.304443 0.119109 0.152402
3 0.806859 0.310469 0.085375 0.107656
3 0.809617 0.387061 0.108766 0.157559
3 0.860555 0.402119 0.078484 0.115410
3 0.907711 0.491182 0.112203 0.150684
3 0.935250 0.538945 0.112219 0.170469
3 0.972961 0.630156 0.054078 0.117109
0 0.173523 0.480996 0.060734 0.086133
0 0.151914 0.609463 0.073578 0.091973
0 0.025445 0.407998 0.050891 0.080293
0 0.016688 0.476611 0.033375 0.065684
3 0.383102 0.934717 0.119172 0.130566
3 0.374844 0.867275 0.086125 0.110996
3 0.282250 0.887383 0.180437 0.225234
3 0.245422 0.851787 0.109531 0.167793
3 0.216844 0.797148 0.092312 0.123906
3 0.206523 0.707646 0.100578 0.134238
3 0.126664 0.742070 0.099203 0.148008
3 0.059203 0.655156 0.107469 0.156602
3 0.044422 0.604395 0.088844 0.146289
1 0.173469 0.536914 0.023531 0.015859
1 0.133016 0.444766 0.016063 0.016563
1 0.198992 0.458750 0.010328 0.017266
1 0.212766 0.465566 0.014906 0.010820
1 0.212758 0.332900 0.026391 0.017988
3 0.636477 0.111689 0.125984 0.131738
3 0.598266 0.078457 0.140437 0.156914
3 0.556273 0.059521 0.147328 0.119043
3 0.453703 0.078457 0.185875 0.156914
3 0.665391 0.158594 0.132875 0.146367
3 0.685016 0.215811 0.140437 0.160996
3 0.727352 0.248945 0.101203 0.127461
