0 0.066070 0.444492 0.067734 0.054023
3 0.055672 0.613818 0.111344 0.073145
3 0.064297 0.677646 0.128594 0.087480
3 0.071461 0.736445 0.133672 0.087500
0 0.230742 0.667266 0.042047 0.100742
0 0.168266 0.767119 0.089938 0.056934
0 0.080094 0.554707 0.065406 0.046719
0 0.070164 0.493398 0.064234 0.040859
0 0.047391 0.353975 0.074750 0.045254
3 0.106742 0.847598 0.130797 0.090352
3 0.181617 0.873057 0.113016 0.083887
3 0.156086 0.945859 0.107859 0.078828
3 0.847086 0.973643 0.090078 0.052715
3 0.816391 0.959297 0.128500 0.081406
0 0.124469 0.502158 0.035031 0.087598
0 0.060828 0.399238 0.068906 0.051094
3 0.787711 0.695576 0.151453 0.103262
3 0.782547 0.757959 0.156031 0.110449
3 0.811234 0.802412 0.128500 0.083184
3 0.843070 0.896680 0.091203 0.083984
3 0.172719 0.976865 0.121625 0.046270
3 0.784273 0.639639 0.143422 0.100410
3 0.743820 0.519160 0.161203 0.094648
3 0.658055 0.474707 0.243234 0.104688
3 0.705961 0.336670 0.161203 0.081035
3 0.691906 0.282158 0.164062 0.069551
3 0.707391 0.218662 0.128500 0.066035
3 0.695055 0.159863 0.117609 0.060313
3 0.402766 0.140898 0.161781 0.281797
3 0.032164 0.166201 0.064328 0.071426
3 0.036297 0.242363 0.072594 0.079180
3 0.037672 0.304756 0.075344 0.076582
1 0.181211 0.720527 0.017203 0.015781
1 0.275555 0.680342 0.016703 0.017285
1 0.267234 0.666709 0.013812 0.012988
1 0.260930 0.679619 0.013828 0.012988
1 0.252891 0.640176 0.011531 0.011563
1 0.250602 0.614365 0.017266 0.012988
1 0.330914 0.560576 0.013828 0.031621
