0 0.747195 0.029189 0.069984 0.058379
0 0.691281 0.078457 0.055469 0.059609
0 0.592437 0.099414 0.069625 0.076875
0 0.629000 0.135029 0.086625 0.090020
0 0.463609 0.024258 0.051156 0.048516
3 0.054797 0.306768 0.109594 0.163145
3 0.055273 0.520410 0.110547 0.137461
3 0.038305 0.465127 0.076609 0.118926
3 0.051969 0.581660 0.101875 0.118906
3 0.080648 0.631563 0.107609 0.109961
3 0.339836 0.496670 0.065422 0.340762
3 0.695719 0.148457 0.160594 0.169766
3 0.747273 0.197412 0.190328 0.203223
0 0.629273 0.014014 0.050016 0.028027
0 0.658336 0.032676 0.055422 0.056602
0 0.543438 0.032676 0.064875 0.065039
0 0.563383 0.071113 0.064203 0.065898
