0 0.974320 0.230361 0.051359 0.055762
0 0.954086 0.195137 0.040547 0.047109
0 0.939250 0.167324 0.036594 0.035977
0 0.923430 0.118496 0.048453 0.042148
0 0.887820 0.055449 0.048453 0.049570
0 0.786461 0.107988 0.059328 0.043398
0 0.807227 0.156816 0.051422 0.044609
0 0.818109 0.194512 0.055375 0.053281
0 0.828984 0.230361 0.053406 0.050801
0 0.850250 0.261270 0.058344 0.053281
0 0.907602 0.222949 0.046484 0.045859
0 0.889313 0.189580 0.039563 0.040918
0 0.877445 0.150635 0.043516 0.042168
0 0.864594 0.114170 0.041531 0.035957
0 0.757297 0.161201 0.042531 0.070449
0 0.639570 0.061631 0.048547 0.079238
0 0.543148 0.060459 0.065359 0.074160
3 0.922555 0.328584 0.141984 0.117715
3 0.937969 0.384160 0.124062 0.126094
3 0.593422 0.532959 0.089406 0.286777
3 0.349805 0.596309 0.100922 0.072305
3 0.329969 0.546406 0.105219 0.086055
3 0.330922 0.493818 0.136781 0.101582
3 0.308930 0.447803 0.132953 0.101582
3 0.326375 0.323203 0.199406 0.147617
3 0.246781 0.313643 0.135813 0.117715
3 0.226703 0.278984 0.129125 0.110547
3 0.193234 0.229980 0.110000 0.115352
3 0.184625 0.180684 0.114781 0.115937
3 0.177961 0.142129 0.121422 0.116523
3 0.155492 0.104785 0.088922 0.084844
3 0.143781 0.062354 0.112344 0.107559
3 0.104578 0.046221 0.068375 0.083652
1 0.606789 0.082432 0.006203 0.020918
1 0.606523 0.061514 0.007609 0.020918
1 0.599836 0.055244 0.009609 0.021504
1 0.591945 0.052559 0.009141 0.024492
1 0.565180 0.068994 0.008172 0.016738
1 0.586328 0.075059 0.007969 0.014102
1 0.581016 0.053691 0.007969 0.017852
3 0.873789 0.302285 0.071234 0.072305
