0 0.963477 0.235312 0.057359 0.055742
0 0.912055 0.274863 0.043516 0.045859
0 0.891289 0.229746 0.039547 0.044609
0 0.937758 0.206875 0.037578 0.043398
0 0.923422 0.180303 0.036594 0.037207
0 0.908586 0.132090 0.048453 0.042148
0 0.874922 0.064785 0.048563 0.055625
0 0.774547 0.118564 0.061406 0.046973
0 0.745922 0.174180 0.039562 0.066758
0 0.793883 0.164229 0.052422 0.044629
0 0.850742 0.124062 0.043516 0.038437
0 0.866516 0.157500 0.049531 0.040781
0 0.879867 0.198906 0.046578 0.039570
0 0.808172 0.204463 0.055469 0.053145
0 0.819047 0.240937 0.055469 0.044492
0 0.839320 0.270605 0.058453 0.051914
0 0.633141 0.074619 0.045594 0.075527
0 0.538211 0.073438 0.063391 0.075391
3 0.193719 0.197979 0.123906 0.119043
3 0.184828 0.153506 0.123344 0.129082
3 0.155281 0.128096 0.098688 0.099746
3 0.147539 0.077891 0.108422 0.108359
3 0.861883 0.307539 0.069984 0.068125
3 0.909680 0.334971 0.135391 0.117676
3 0.931891 0.384775 0.136219 0.131230
3 0.351734 0.598545 0.098156 0.079590
1 0.585164 0.064658 0.008953 0.014043
3 0.113688 0.062480 0.075156 0.086133
3 0.117984 0.029824 0.092937 0.059648
3 0.080703 0.019062 0.052781 0.038125
3 0.794078 0.061396 0.121063 0.094004
3 0.773148 0.034805 0.121609 0.069609
3 0.719820 0.013291 0.056297 0.026582
1 0.565750 0.104941 0.007969 0.016602
1 0.587992 0.100371 0.009297 0.013281
1 0.601930 0.093320 0.005297 0.015781
1 0.599938 0.074033 0.007313 0.013691
1 0.593961 0.065938 0.006641 0.012461
3 0.592406 0.540430 0.084875 0.273281
3 0.335102 0.553018 0.106203 0.083184
3 0.335133 0.498799 0.130234 0.099668
3 0.313898 0.456162 0.129078 0.103340
3 0.331977 0.332070 0.196203 0.147734
3 0.254523 0.324551 0.131953 0.118320
3 0.231578 0.285498 0.126219 0.113379
3 0.199742 0.243545 0.109578 0.111230
