1 0.448344 0.911094 0.009125 0.013945
3 0.902906 0.672979 0.057844 0.099199
3 0.835742 0.640703 0.072672 0.117109
3 0.802273 0.624570 0.091797 0.157773
3 0.780281 0.579443 0.084125 0.133262
3 0.753273 0.551953 0.085578 0.140430
3 0.712633 0.524170 0.098016 0.141035
3 0.675578 0.502334 0.104219 0.152441
3 0.601719 0.535195 0.152500 0.213398
3 0.576625 0.414189 0.104219 0.142285
3 0.544359 0.388789 0.112344 0.148867
3 0.524758 0.337100 0.092266 0.113613
3 0.496789 0.306328 0.082234 0.109414
3 0.297195 0.484404 0.071234 0.282715
3 0.050469 0.807725 0.100937 0.189434
3 0.087797 0.831338 0.101844 0.161348
3 0.138477 0.829541 0.056891 0.084863
1 0.440398 0.896895 0.010766 0.013437
1 0.451156 0.878975 0.017125 0.016426
1 0.463703 0.911084 0.008750 0.016934
1 0.481430 0.882451 0.007578 0.014434
0 0.501180 0.878701 0.042516 0.081699
0 0.419047 0.925049 0.064375 0.070566
0 0.285547 0.899707 0.050531 0.059453
0 0.245508 0.925732 0.043609 0.056855
0 0.276156 0.955391 0.047562 0.059336
0 0.221273 0.899766 0.040641 0.066758
0 0.199023 0.873193 0.043609 0.063027
1 0.467883 0.866025 0.009172 0.016426
0 0.171336 0.855273 0.043609 0.069219
0 0.140680 0.916465 0.037672 0.055625
0 0.109031 0.888643 0.039656 0.054395
0 0.077852 0.947344 0.046641 0.072891
0 0.163430 0.942412 0.043609 0.058105
0 0.132773 0.979551 0.037672 0.040898
0 0.107547 0.966523 0.036687 0.059336
0 0.189133 0.966523 0.037672 0.049453
0 0.211383 0.984492 0.040641 0.031016
3 0.949047 0.725254 0.059281 0.090234
3 0.911750 0.721973 0.073625 0.130273
1 0.455937 0.915078 0.008375 0.011953
