1 0.408508 0.907354 0.009922 0.030371
3 0.576367 0.419277 0.103984 0.098594
3 0.554836 0.376943 0.090484 0.091621
3 0.320000 0.486260 0.058156 0.278379
3 0.041078 0.692920 0.082156 0.118027
3 0.055820 0.750195 0.111641 0.128984
3 0.100664 0.763887 0.060203 0.064727
1 0.393187 0.912832 0.012750 0.017422
1 0.377055 0.926025 0.006766 0.008965
1 0.381414 0.944209 0.009922 0.020410
1 0.394180 0.945947 0.014734 0.014941
3 0.585711 0.472559 0.123547 0.119531
3 0.611203 0.510410 0.121156 0.123516
3 0.611406 0.634873 0.177313 0.178340
3 0.688500 0.623955 0.124344 0.127480
3 0.721367 0.651084 0.108797 0.112051
3 0.751836 0.699395 0.106016 0.132969
3 0.774336 0.733740 0.100859 0.121973
3 0.783516 0.780312 0.109594 0.138437
3 0.811047 0.807725 0.085156 0.095605
3 0.830172 0.845674 0.095656 0.117715
3 0.869133 0.857930 0.065547 0.089648
3 0.866266 0.910215 0.097094 0.106953
3 0.898297 0.922168 0.074156 0.086641
3 0.936055 0.966016 0.081797 0.067969
0 0.441594 0.927041 0.056719 0.082324
0 0.351461 0.944570 0.051547 0.078750
0 0.226133 0.875537 0.045828 0.063730
0 0.210117 0.929219 0.052703 0.052227
0 0.180641 0.893096 0.046406 0.047207
0 0.132281 0.946387 0.048125 0.050781
0 0.117406 0.913125 0.044687 0.048633
0 0.081063 0.948174 0.046406 0.047207
0 0.059320 0.905977 0.039547 0.038633
0 0.099664 0.876641 0.044703 0.048633
0 0.165187 0.856973 0.051000 0.059375
0 0.150023 0.822637 0.046984 0.055078
0 0.125695 0.800107 0.054422 0.062949
0 0.082781 0.848750 0.038406 0.048633
0 0.041578 0.882725 0.038406 0.043652
0 0.018945 0.856611 0.037891 0.060098
0 0.053313 0.812266 0.041250 0.054375
