0 0.429570 0.970156 0.063578 0.059688
0 0.337469 0.967295 0.052062 0.065410
0 0.227570 0.873389 0.039547 0.065176
0 0.199234 0.920283 0.053844 0.042910
0 0.099664 0.973564 0.050422 0.049355
0 0.122273 0.917773 0.045266 0.039336
0 0.178352 0.878428 0.046422 0.045059
0 0.165766 0.841592 0.053281 0.050059
0 0.156609 0.804043 0.053281 0.050781
0 0.135711 0.775068 0.056141 0.051504
0 0.061609 0.769346 0.046406 0.051504
0 0.022094 0.800820 0.044188 0.054375
0 0.037000 0.835146 0.044125 0.040059
0 0.079922 0.814053 0.048688 0.049355
0 0.096805 0.845879 0.045828 0.041484
0 0.109391 0.883438 0.055000 0.046484
0 0.068477 0.913125 0.048703 0.048633
0 0.052453 0.862695 0.046406 0.042188
3 0.805039 0.939639 0.085484 0.078223
1 0.375656 0.980059 0.007969 0.012461
1 0.368891 0.974326 0.007969 0.012949
1 0.385023 0.980557 0.007578 0.016426
3 0.067633 0.710928 0.135266 0.111152
3 0.056156 0.652109 0.112312 0.108281
3 0.384523 0.516553 0.092359 0.271855
3 0.626047 0.464561 0.098094 0.086113
3 0.642391 0.512607 0.109000 0.086113
3 0.638664 0.564951 0.125641 0.093301
3 0.662477 0.608691 0.123922 0.099023
3 0.643828 0.730967 0.188750 0.139902
3 0.716977 0.740283 0.131953 0.109785
3 0.768320 0.824189 0.110734 0.109785
3 0.114867 0.735303 0.068328 0.062402
1 0.370281 0.958652 0.015531 0.014453
1 0.387016 0.950684 0.011562 0.019414
1 0.407328 0.969609 0.013937 0.013437
1 0.401148 0.945957 0.011953 0.015938
3 0.778359 0.864707 0.110156 0.110508
3 0.788117 0.911309 0.111297 0.114805
