0 0.196805 0.922002 0.035484 0.081543
0 0.145164 0.767861 0.030391 0.065840
0 0.095086 0.785400 0.065297 0.045137
0 0.103102 0.736406 0.049266 0.038711
0 0.109680 0.697061 0.057859 0.040137
0 0.115687 0.660576 0.059562 0.040137
0 0.052734 0.560430 0.045844 0.038711
0 0.051023 0.609785 0.043547 0.034414
0 0.050164 0.648779 0.042984 0.037988
0 0.040719 0.688477 0.048125 0.040117
0 0.041289 0.724600 0.043547 0.040840
0 0.010359 0.681680 0.020719 0.035117
0 0.010648 0.630889 0.021297 0.033691
0 0.011219 0.596914 0.022437 0.032969
0 0.013219 0.555068 0.026438 0.036543
3 0.112914 0.576572 0.070609 0.055293
3 0.061563 0.911816 0.112500 0.051719
3 0.556977 0.946992 0.196766 0.077461
3 0.624953 0.863447 0.126219 0.062402
3 0.628109 0.814678 0.131375 0.060957
3 0.656219 0.773096 0.102687 0.059512
3 0.665406 0.726846 0.091219 0.063105
1 0.232242 0.962383 0.008766 0.011953
0 0.115687 0.625166 0.064156 0.045137
1 0.221484 0.948193 0.009563 0.008457
3 0.060055 0.863770 0.120109 0.067461
3 0.061203 0.811055 0.122406 0.072500
3 0.441945 0.595938 0.183578 0.203008
1 0.228648 0.931260 0.010359 0.011465
3 0.083656 0.518125 0.145187 0.067461
3 0.083008 0.453584 0.166016 0.070332
1 0.246984 0.943213 0.012750 0.016426
1 0.261320 0.947939 0.011141 0.016934
1 0.256141 0.972842 0.011156 0.008965
