3 0.729000 0.818311 0.148687 0.162129
3 0.414258 0.483174 0.247828 0.097168
3 0.705453 0.883877 0.172656 0.183809
3 0.934414 0.512637 0.131172 0.168516
3 0.904977 0.548135 0.119328 0.141973
3 0.947039 0.454199 0.105922 0.124766
3 0.968836 0.349492 0.062328 0.090352
3 0.958219 0.277793 0.083563 0.116172
3 0.266977 0.203711 0.094078 0.120469
3 0.296234 0.162119 0.099812 0.124785
3 0.338398 0.137383 0.124484 0.148438
3 0.366227 0.094707 0.122766 0.140547
3 0.476086 0.082139 0.181859 0.164277
3 0.481828 0.018672 0.070562 0.037344
1 0.792492 0.316768 0.010297 0.012910
1 0.804781 0.300596 0.014281 0.009590
1 0.807266 0.275898 0.009969 0.009180
1 0.796312 0.266143 0.011281 0.017051
1 0.778547 0.280459 0.009625 0.011660
1 0.806273 0.288770 0.011953 0.010000
0 0.810398 0.749951 0.046484 0.058105
0 0.829680 0.715352 0.043516 0.055625
0 0.793094 0.625723 0.057344 0.061797
0 0.766883 0.656016 0.056359 0.065508
0 0.752555 0.695566 0.065266 0.072930
3 0.729000 0.743965 0.076000 0.091914
0 0.836109 0.847607 0.060313 0.067988
0 0.820781 0.340811 0.055375 0.080332
0 0.847484 0.273438 0.069219 0.084063
0 0.938953 0.659102 0.056375 0.056875
0 0.853414 0.553418 0.061297 0.082813
0 0.790617 0.531787 0.050422 0.066738
0 0.819789 0.592354 0.051422 0.061816
0 0.882094 0.654160 0.049437 0.059336
0 0.901867 0.732041 0.049453 0.064277
0 0.872203 0.773438 0.045500 0.063047
0 0.855391 0.804336 0.045500 0.055625
0 0.785180 0.798164 0.053391 0.060586
