3 0.654336 0.668730 0.054547 0.137461
3 0.693078 0.731152 0.043031 0.127344
3 0.733719 0.752959 0.053531 0.174551
3 0.778891 0.788809 0.083656 0.323945
3 0.835547 0.691406 0.049719 0.120781
3 0.860148 0.802588 0.077016 0.280879
3 0.899586 0.824697 0.064109 0.164941
3 0.939500 0.845313 0.064594 0.185859
3 0.982266 0.813945 0.035469 0.126680
1 0.559766 0.444199 0.008313 0.017031
1 0.579523 0.453750 0.011953 0.012031
1 0.578359 0.467432 0.010969 0.009551
1 0.567070 0.470342 0.009641 0.011191
1 0.557445 0.474082 0.010953 0.014531
1 0.538680 0.465986 0.014609 0.010801
0 0.305875 0.591914 0.039562 0.084180
0 0.604953 0.420107 0.028781 0.103965
0 0.532273 0.511572 0.079203 0.054512
0 0.374555 0.552373 0.066359 0.047090
0 0.385977 0.632090 0.043516 0.090352
0 0.345430 0.792793 0.029672 0.087891
0 0.324664 0.716152 0.037578 0.070586
0 0.342461 0.613545 0.037578 0.068105
0 0.275219 0.572754 0.041531 0.080469
0 0.238625 0.570293 0.041531 0.087891
0 0.221820 0.670410 0.035609 0.073047
3 0.087430 0.594746 0.081984 0.255586
3 0.140781 0.595186 0.082687 0.216855
3 0.195852 0.562041 0.052391 0.105840
3 0.409258 0.701455 0.081297 0.188457
3 0.453977 0.758418 0.089641 0.274844
3 0.506133 0.721318 0.062203 0.175684
0 0.178305 0.654961 0.037578 0.076758
0 0.163477 0.741484 0.039547 0.094063
3 0.599594 0.740742 0.053125 0.172695
0 0.202531 0.745820 0.036594 0.073047
0 0.232203 0.748291 0.032625 0.058223
0 0.276695 0.774248 0.040547 0.077988
0 0.290055 0.700088 0.039547 0.075527
0 0.254945 0.673506 0.036578 0.064395
