0 0.466078 0.766396 0.047875 0.084668
0 0.431039 0.695586 0.047891 0.083203
0 0.393086 0.719629 0.049047 0.081836
0 0.363883 0.741572 0.049047 0.075918
3 0.751891 0.333965 0.096438 0.116250
3 0.794227 0.316328 0.120547 0.168750
3 0.849648 0.299541 0.194203 0.307285
3 0.832781 0.175635 0.083375 0.119707
3 0.919297 0.239307 0.161406 0.267715
3 0.955820 0.216543 0.088359 0.168672
3 0.974406 0.169648 0.051187 0.123047
1 0.365914 0.207764 0.009234 0.020137
1 0.510789 0.247197 0.008609 0.015840
1 0.498750 0.274453 0.010906 0.015859
1 0.487555 0.274453 0.009172 0.008672
1 0.497023 0.257959 0.013203 0.020137
1 0.466875 0.266201 0.012688 0.019434
1 0.453688 0.318906 0.008094 0.014414
0 0.597469 0.373691 0.065406 0.102188
0 0.494688 0.321865 0.081750 0.071543
0 0.403008 0.497773 0.073578 0.058398
0 0.459063 0.548867 0.050219 0.093437
0 0.532648 0.713838 0.054891 0.084668
0 0.468414 0.678066 0.047891 0.074453
0 0.417023 0.581729 0.045547 0.080293
0 0.378484 0.597783 0.052563 0.080293
0 0.344031 0.614561 0.053719 0.087598
3 0.695094 0.344717 0.120531 0.187676
3 0.689586 0.431641 0.119172 0.168750
3 0.607672 0.507363 0.113656 0.175625
3 0.587703 0.582656 0.160469 0.274609
3 0.522641 0.575771 0.108844 0.190254
3 0.275508 0.683340 0.075797 0.111094
3 0.258641 0.758633 0.131562 0.218672
3 0.214227 0.810273 0.146016 0.254805
3 0.087539 0.288057 0.175078 0.088105
0 0.315422 0.646689 0.057219 0.096348
0 0.320680 0.771504 0.051391 0.074453
0 0.363891 0.847393 0.065406 0.091934
0 0.398922 0.822588 0.051375 0.080293
0 0.422281 0.798516 0.042031 0.078828
