3 0.248852 0.801631 0.129078 0.238809
1 0.450875 0.585088 0.010281 0.021582
1 0.431781 0.584678 0.012625 0.014941
1 0.421992 0.584258 0.007641 0.015781
1 0.413687 0.584043 0.006969 0.015352
1 0.400578 0.569941 0.013937 0.010391
1 0.423820 0.556045 0.011953 0.011621
3 0.650711 0.942187 0.074578 0.115625
3 0.626336 0.898086 0.071703 0.110430
3 0.564375 0.912109 0.111875 0.175781
3 0.508148 0.913516 0.084328 0.167109
3 0.476023 0.877646 0.069422 0.124043
3 0.451937 0.805215 0.083188 0.139844
3 0.386531 0.847168 0.085469 0.159180
3 0.303633 0.794063 0.091797 0.163437
3 0.657883 0.111025 0.113016 0.161426
3 0.703781 0.122500 0.092375 0.139922
3 0.743367 0.158711 0.088922 0.140625
3 0.772039 0.196875 0.091703 0.162109
3 0.845563 0.253154 0.081781 0.136309
3 0.922391 0.291357 0.053688 0.105332
3 0.931891 0.357969 0.076000 0.151797
3 0.973789 0.364678 0.052422 0.105332
3 0.579000 0.145088 0.158344 0.235293
3 0.537984 0.048184 0.092375 0.096367
3 0.487500 0.032764 0.077437 0.065527
3 0.242539 0.128135 0.077453 0.256270
3 0.032492 0.499375 0.064984 0.140547
3 0.063258 0.519453 0.066547 0.101836
3 0.225320 0.733506 0.104984 0.167090
0 0.023992 0.595654 0.043609 0.079199
0 0.474969 0.542471 0.047469 0.096543
0 0.382953 0.607988 0.069312 0.079219
0 0.226219 0.581406 0.056469 0.063164
0 0.215883 0.661143 0.063297 0.081699
0 0.142211 0.792168 0.042516 0.069336
0 0.140734 0.713057 0.041531 0.069355
0 0.179797 0.625918 0.044500 0.063164
0 0.154078 0.591914 0.044500 0.076758
0 0.130352 0.559775 0.046484 0.071816
0 0.099687 0.542471 0.050438 0.079238
0 0.114969 0.682832 0.047562 0.065508
0 0.086289 0.745264 0.051516 0.071699
0 0.052672 0.707559 0.041625 0.065508
0 0.027453 0.689629 0.042625 0.069219
0 0.088266 0.651934 0.047562 0.072930
0 0.063055 0.622881 0.040641 0.064277
