1 0.328203 0.803584 0.011281 0.014512
3 0.059453 0.409873 0.118906 0.086777
1 0.320898 0.794033 0.013266 0.019512
3 0.086758 0.452900 0.073484 0.056660
1 0.343141 0.781797 0.010625 0.017422
1 0.349781 0.812295 0.009281 0.018691
1 0.335500 0.812500 0.010625 0.013281
1 0.322727 0.773281 0.007641 0.017852
3 0.105398 0.750859 0.139453 0.081758
3 0.095312 0.816113 0.190625 0.106133
3 0.139531 0.856641 0.125125 0.083906
3 0.176250 0.951650 0.127406 0.078887
3 0.231898 0.969014 0.138891 0.061973
3 0.850039 0.961689 0.083234 0.073145
3 0.793531 0.789219 0.136594 0.098242
3 0.790953 0.735088 0.130281 0.097520
3 0.752797 0.627881 0.149219 0.086777
3 0.672484 0.596328 0.223781 0.106836
3 0.713219 0.467959 0.148062 0.076738
3 0.698875 0.414502 0.156094 0.074512
3 0.710352 0.353936 0.122828 0.065254
3 0.699445 0.299443 0.111359 0.060957
3 0.428125 0.286172 0.141125 0.282539
3 0.053719 0.336738 0.107438 0.082461
0 0.389883 0.812002 0.079203 0.064277
0 0.286039 0.784131 0.043609 0.090371
0 0.179742 0.637031 0.034703 0.080469
0 0.139195 0.692100 0.062391 0.046973
0 0.127828 0.636475 0.055469 0.039551
0 0.061078 0.663682 0.048563 0.039551
0 0.022406 0.722393 0.044812 0.045723
0 0.050195 0.622266 0.052516 0.038320
0 0.117938 0.590127 0.065375 0.053145
0 0.116453 0.545625 0.064375 0.048203
0 0.100133 0.506689 0.071297 0.049434
0 0.034867 0.534502 0.051516 0.045723
0 0.045742 0.575293 0.043609 0.040781
