0 0.345031 0.885557 0.076156 0.056855
3 0.719617 0.591162 0.145141 0.053066
3 0.742563 0.538818 0.111875 0.057363
3 0.740266 0.481797 0.106125 0.058086
3 0.477805 0.387832 0.183578 0.253203
3 0.076836 0.329414 0.153672 0.064531
3 0.076266 0.397900 0.152531 0.055215
3 0.082539 0.741748 0.136547 0.043027
3 0.078273 0.799844 0.156547 0.050195
3 0.096883 0.851826 0.127359 0.055215
3 0.113227 0.952949 0.124484 0.058086
3 0.164859 0.985615 0.134813 0.028770
3 0.107773 0.456709 0.082609 0.049473
0 0.116453 0.508486 0.068344 0.033496
0 0.125852 0.549893 0.063391 0.032246
0 0.125852 0.594395 0.063391 0.034727
0 0.123375 0.641982 0.062406 0.035957
0 0.119914 0.693896 0.069328 0.043379
0 0.170352 0.663613 0.029766 0.076758
0 0.249953 0.829863 0.034719 0.090352
1 0.284375 0.832402 0.005969 0.010000
1 0.281391 0.849424 0.011937 0.018301
1 0.283219 0.861680 0.008969 0.013711
0 0.016969 0.688955 0.033937 0.040918
0 0.047727 0.645078 0.049547 0.032266
0 0.045750 0.603047 0.051531 0.029805
0 0.048711 0.556074 0.049547 0.029805
1 0.292844 0.866035 0.010281 0.017422
0 0.048219 0.514053 0.048562 0.037207
0 0.041297 0.455332 0.050531 0.031016
1 0.303797 0.869980 0.009625 0.013711
1 0.306297 0.846123 0.010625 0.014941
3 0.742563 0.923545 0.134812 0.076738
3 0.728508 0.807725 0.151453 0.047324
3 0.653633 0.758965 0.230047 0.050195
3 0.721617 0.648887 0.146859 0.052344
