0 0.015977 0.679072 0.031953 0.033496
3 0.696383 0.655166 0.118172 0.066621
3 0.701828 0.598877 0.108437 0.063184
1 0.250320 0.903867 0.013141 0.018437
1 0.234586 0.926758 0.008766 0.010508
1 0.245938 0.930518 0.009156 0.016934
1 0.230805 0.915566 0.013953 0.017930
3 0.065648 0.371191 0.131297 0.055156
3 0.062492 0.443613 0.124984 0.049414
3 0.079352 0.501699 0.083234 0.042227
3 0.445102 0.477324 0.195047 0.244609
3 0.051883 0.779258 0.103766 0.059531
3 0.052742 0.838418 0.105484 0.055937
3 0.054180 0.890371 0.108359 0.049414
3 0.059344 0.984072 0.118687 0.031855
3 0.598852 0.862412 0.227172 0.071074
3 0.667984 0.920459 0.150875 0.052363
3 0.672000 0.762012 0.147438 0.068203
3 0.673430 0.704287 0.152609 0.058730
0 0.285547 0.949150 0.078219 0.039668
0 0.194125 0.887354 0.033625 0.081699
0 0.128867 0.714912 0.029672 0.075527
0 0.083820 0.682773 0.060422 0.038438
0 0.083828 0.639512 0.064375 0.035977
0 0.090250 0.596250 0.061406 0.038438
0 0.084812 0.552979 0.070312 0.043379
0 0.018453 0.494268 0.036906 0.034746
0 0.018945 0.549893 0.037891 0.032246
0 0.019437 0.593779 0.038875 0.031035
0 0.017461 0.640127 0.034922 0.032246
0 0.081844 0.740254 0.060406 0.042148
