0 0.026852 0.388584 0.053703 0.058223
0 0.023055 0.559775 0.035609 0.071816
1 0.063078 0.781113 0.016344 0.013945
1 0.067859 0.803027 0.011563 0.011953
1 0.077422 0.812480 0.019531 0.011953
1 0.086586 0.788594 0.017922 0.015937
3 0.583336 0.691641 0.106016 0.095508
3 0.562328 0.740264 0.117719 0.104980
3 0.518961 0.774678 0.121859 0.103262
3 0.045898 0.278164 0.091797 0.096367
3 0.056570 0.202861 0.113141 0.104121
3 0.372844 0.470820 0.229594 0.171016
3 0.514141 0.834492 0.142500 0.111016
3 0.420172 0.896445 0.216156 0.143711
3 0.034883 0.336670 0.069766 0.074004
0 0.039375 0.745811 0.038562 0.095293
0 0.109539 0.846553 0.074266 0.047090
0 0.014492 0.475107 0.028984 0.050801
0 0.023891 0.433701 0.047781 0.054512
