0 0.307469 0.832021 0.034844 0.035059
0 0.355820 0.838691 0.034828 0.035078
0 0.407102 0.839893 0.034828 0.035059
0 0.206070 0.779121 0.053109 0.027539
0 0.177812 0.807236 0.053094 0.027559
0 0.180555 0.835361 0.056672 0.027559
0 0.067719 0.902734 0.057844 0.036289
0 0.117828 0.768545 0.057844 0.036309
0 0.121703 0.729844 0.057844 0.036289
0 0.120313 0.666719 0.055031 0.036289
0 0.134930 0.594346 0.049391 0.032480
0 0.140086 0.496455 0.049391 0.032480
0 0.153625 0.462588 0.049406 0.032480
0 0.155555 0.434775 0.049391 0.032480
0 0.172445 0.356572 0.044609 0.032480
0 0.178719 0.329873 0.045594 0.032480
0 0.184422 0.297881 0.038000 0.032480
0 0.061711 0.403330 0.049391 0.032480
0 0.076227 0.362217 0.049391 0.032480
0 0.074023 0.335674 0.049391 0.027480
0 0.083008 0.311416 0.049391 0.032480
0 0.021078 0.459941 0.036187 0.036719
0 0.031828 0.508936 0.045750 0.036738
0 0.029609 0.539238 0.041688 0.036719
0 0.012984 0.597139 0.025688 0.036738
0 0.558984 0.871494 0.061688 0.033184
0 0.663281 0.789346 0.025000 0.058496
0 0.264891 0.641572 0.025000 0.058496
0 0.291000 0.460166 0.025000 0.058496
0 0.317844 0.402617 0.025000 0.050234
0 0.991773 0.936191 0.018234 0.040195
0 0.617453 0.464941 0.024031 0.058398
1 0.310008 0.425781 0.010359 0.020664
1 0.239000 0.595156 0.010375 0.010039
1 0.183914 0.471807 0.010359 0.016934
3 0.490195 0.414170 0.035422 0.107637
3 0.560477 0.453379 0.035422 0.097422
