0 0.508281 0.322051 0.031562 0.017227
0 0.408156 0.081973 0.027094 0.014961
0 0.297930 0.081172 0.027078 0.014961
0 0.174469 0.084336 0.027094 0.014961
0 0.527852 0.087480 0.024516 0.014961
0 0.551133 0.087480 0.024516 0.014961
0 0.675227 0.110313 0.024516 0.014961
0 0.685930 0.099277 0.024516 0.014961
0 0.790820 0.322939 0.032734 0.016621
0 0.897570 0.336279 0.032734 0.016621
0 0.869578 0.295342 0.025719 0.016621
0 0.865453 0.267002 0.025719 0.016621
0 0.862305 0.257549 0.025734 0.016621
0 0.857266 0.220537 0.025719 0.016621
0 0.850969 0.208721 0.025719 0.016621
0 0.577617 0.275273 0.018203 0.017422
0 0.176602 0.253369 0.013203 0.019980
0 0.445945 0.344170 0.018203 0.025332
0 0.442437 0.489131 0.018219 0.031855
0 0.727539 0.342578 0.030859 0.017422
0 0.717727 0.362266 0.026422 0.017422
0 0.735695 0.355176 0.026422 0.017422
0 0.770344 0.369346 0.032750 0.017441
0 0.772852 0.382734 0.036484 0.017422
0 0.782578 0.409863 0.033281 0.019727
0 0.782586 0.441826 0.029516 0.020645
0 0.795227 0.488662 0.032672 0.026230
0 0.793641 0.503154 0.037719 0.024551
0 0.796469 0.522471 0.037063 0.020684
0 0.670477 0.447256 0.016859 0.032441
0 0.879945 0.428398 0.032672 0.026211
0 0.874586 0.480713 0.034578 0.017480
0 0.896937 0.511855 0.023875 0.026211
0 0.872383 0.466982 0.034578 0.017480
0 0.800227 0.570928 0.038922 0.020645
0 0.799945 0.589834 0.034578 0.023848
0 0.802742 0.614639 0.036391 0.024629
0 0.883719 0.605557 0.034563 0.017480
0 0.884977 0.587451 0.034578 0.017480
0 0.876164 0.569316 0.034578 0.020664
0 0.878680 0.542178 0.034578 0.026152
0 0.850125 0.525273 0.017313 0.033320
0 0.670813 0.526816 0.016875 0.032422
0 0.712359 0.600049 0.021844 0.032441
0 0.908312 0.383711 0.023875 0.026211
0 0.931820 0.385352 0.023859 0.026211
0 0.951406 0.385352 0.023875 0.026211
1 0.720891 0.285869 0.006937 0.018887
1 0.513969 0.420479 0.006937 0.018887
1 0.508156 0.418906 0.006937 0.018906
1 0.707914 0.423369 0.006922 0.018887
1 0.714664 0.423369 0.006922 0.018887
