0 0.866180 0.259297 0.032484 0.020820
1 0.739719 0.214551 0.006406 0.015625
0 0.770109 0.178955 0.037281 0.020840
0 0.782758 0.203311 0.032359 0.020840
0 0.781641 0.233936 0.032344 0.020840
0 0.790039 0.277490 0.037953 0.020840
0 0.786687 0.290088 0.037969 0.020840
0 0.791719 0.306885 0.037969 0.020840
0 0.791172 0.348877 0.037969 0.020840
0 0.793961 0.365674 0.032484 0.020840
0 0.796758 0.387373 0.032484 0.020840
0 0.865617 0.273291 0.032484 0.020840
0 0.888570 0.301279 0.032484 0.020840
0 0.868352 0.331748 0.032484 0.024395
0 0.864508 0.355869 0.032484 0.020840
0 0.874586 0.371973 0.032484 0.020820
0 0.874133 0.388721 0.032484 0.020840
0 0.872797 0.227617 0.035937 0.029141
0 0.770156 0.164893 0.036500 0.016895
0 0.672438 0.238652 0.015750 0.030898
0 0.709258 0.369990 0.018047 0.032988
0 0.940039 0.186670 0.025234 0.018691
0 0.919930 0.185107 0.021953 0.018691
0 0.902047 0.180000 0.024656 0.025000
0 0.726523 0.141592 0.033797 0.018691
0 0.734055 0.152920 0.021953 0.018691
0 0.718375 0.158633 0.024188 0.018672
0 0.852117 0.025869 0.028547 0.018691
0 0.855227 0.038330 0.025797 0.018691
0 0.861141 0.067539 0.021937 0.018672
0 0.863383 0.078740 0.021953 0.018691
0 0.865922 0.103291 0.021938 0.018691
0 0.893055 0.145928 0.034828 0.018691
0 0.790367 0.126455 0.034828 0.018691
0 0.198641 0.058857 0.014000 0.020918
0 0.585664 0.075859 0.013984 0.017266
0 0.518734 0.116250 0.029063 0.015312
0 0.459156 0.136123 0.014000 0.028691
0 0.455547 0.266670 0.014000 0.028691
1 0.517500 0.205049 0.006406 0.018027
1 0.523672 0.207227 0.006406 0.015625
3 0.494172 0.267275 0.024625 0.056934
3 0.543539 0.283955 0.031672 0.056934
