3 0.559727 0.537666 0.035828 0.101973
1 0.531250 0.682910 0.008750 0.009961
1 0.301406 0.502051 0.008750 0.022305
1 0.232094 0.684473 0.012312 0.015391
3 0.488570 0.490693 0.035828 0.107090
0 0.620984 0.543184 0.020719 0.059492
0 0.666078 0.887832 0.022906 0.059492
0 0.560227 0.971094 0.059859 0.031641
0 0.170023 0.900430 0.053141 0.031641
0 0.195008 0.875039 0.049359 0.031641
0 0.171695 0.931221 0.053141 0.031660
0 0.108477 0.861250 0.053141 0.033047
0 0.112055 0.819609 0.058266 0.034609
0 0.108750 0.753896 0.048156 0.033027
0 0.124109 0.677881 0.048156 0.033027
0 0.129719 0.573291 0.049719 0.032520
0 0.139359 0.541250 0.046844 0.027539
0 0.140344 0.509912 0.046844 0.027520
0 0.157008 0.428682 0.046859 0.034434
0 0.162602 0.396533 0.046859 0.027441
0 0.168891 0.361777 0.039031 0.034414
0 0.069648 0.376719 0.038922 0.028828
0 0.061398 0.401445 0.038922 0.028828
0 0.063617 0.433525 0.042297 0.030215
0 0.043961 0.478115 0.050203 0.031660
0 0.009281 0.535215 0.018656 0.028828
0 0.019414 0.588301 0.038922 0.028828
0 0.019852 0.621621 0.038922 0.035273
0 0.254437 0.789258 0.027813 0.067539
0 0.282836 0.537070 0.027797 0.046602
0 0.310734 0.477539 0.023031 0.052344
0 0.363633 0.296504 0.019766 0.024844
