4 0.613578 0.890146 0.022562 0.015605
4 0.787219 0.678125 0.011281 0.014609
4 0.778359 0.842305 0.015313 0.012578
4 0.723969 0.858418 0.011281 0.019648
4 0.671391 0.816621 0.018938 0.010586
4 0.757406 0.701543 0.014500 0.015117
4 0.891461 0.118027 0.008766 0.015234
4 0.861289 0.067979 0.019203 0.012324
4 0.864492 0.015410 0.007016 0.015938
4 0.827937 0.007344 0.008188 0.014687
4 0.492508 0.737812 0.016516 0.014102
4 0.796687 0.676865 0.007656 0.016113
4 0.626469 0.619707 0.010469 0.013594
4 0.757602 0.552979 0.016516 0.016113
