4 0.615180 0.951338 0.020141 0.016113
4 0.494125 0.797734 0.014906 0.011094
4 0.764453 0.760723 0.013281 0.012578
4 0.792859 0.732520 0.012094 0.019648
4 0.804336 0.731514 0.008453 0.016621
4 0.782781 0.901982 0.015313 0.009082
4 0.730008 0.918096 0.012891 0.021152
4 0.676625 0.874541 0.018125 0.010566
4 0.900164 0.149941 0.007609 0.016680
4 0.869133 0.100986 0.013984 0.015957
4 0.872023 0.043691 0.007016 0.017422
4 0.836352 0.040430 0.007609 0.015234
4 0.630695 0.677158 0.012484 0.012520
4 0.762641 0.607617 0.019344 0.018633
