3 0.650602 0.133779 0.147141 0.267559
3 0.094063 0.706396 0.188125 0.401465
3 0.162367 0.762520 0.224359 0.350508
0 0.872500 0.906250 0.107437 0.129922
0 0.266313 0.936973 0.081875 0.097656
0 0.322375 0.966631 0.079531 0.066738
1 0.965766 0.863213 0.021813 0.026035
1 0.938000 0.846475 0.039656 0.042129
0 0.595711 0.874199 0.105109 0.115195
0 0.590398 0.971738 0.080703 0.056523
0 0.457844 0.892529 0.095875 0.143066
0 0.506305 0.944805 0.090047 0.110391
0 0.408789 0.832598 0.095891 0.140000
0 0.346305 0.804131 0.106391 0.150215
