0 0.960773 0.336973 0.078453 0.062930
3 0.268195 0.595566 0.237328 0.467227
3 0.908211 0.560635 0.183578 0.132168
3 0.899906 0.444932 0.200188 0.129199
3 0.857961 0.360391 0.140016 0.087656
0 0.832211 0.281436 0.110953 0.068613
0 0.805352 0.217266 0.101609 0.062617
0 0.801266 0.145811 0.100438 0.071543
0 0.707242 0.058877 0.054891 0.116934
0 0.795422 0.077051 0.081750 0.059844
0 0.906953 0.049385 0.071250 0.051230
0 0.919797 0.115000 0.078250 0.054023
0 0.929141 0.185947 0.080594 0.052559
0 0.941992 0.251494 0.080578 0.061309
