0 0.821695 0.600479 0.099266 0.069941
0 0.964859 0.553691 0.070281 0.073008
0 0.949000 0.628877 0.085250 0.071543
0 0.922141 0.783682 0.078250 0.065840
0 0.934398 0.693252 0.070078 0.056934
0 0.821117 0.672734 0.112141 0.077227
0 0.720086 0.093838 0.064234 0.134316
0 0.853812 0.033047 0.126125 0.066094
0 0.787828 0.398945 0.059563 0.128477
0 0.876586 0.370557 0.099266 0.086270
0 0.864328 0.461787 0.081750 0.070215
0 0.973625 0.487998 0.052750 0.061309
0 0.843891 0.533252 0.103938 0.070059
3 0.206492 0.668252 0.339391 0.341152
3 0.856211 0.860342 0.269297 0.134980
1 0.658687 0.057783 0.017781 0.022949
1 0.687375 0.052402 0.021219 0.022227
1 0.683359 0.028379 0.022375 0.022930
1 0.660695 0.008457 0.019516 0.016914
1 0.657258 0.026943 0.017203 0.017207
3 0.849477 0.953535 0.301047 0.092930
3 0.816430 0.760957 0.135266 0.102344
3 0.924234 0.313740 0.151531 0.130527
3 0.930164 0.212871 0.139672 0.109766
3 0.934914 0.137227 0.130172 0.109766
3 0.120453 0.048584 0.240906 0.097168
