3 0.425812 0.515195 0.042687 0.140586
3 0.515039 0.574102 0.041047 0.126445
0 0.155367 0.346934 0.024484 0.061211
0 0.175305 0.565654 0.027172 0.061230
0 0.206352 0.488848 0.031609 0.072578
0 0.099727 0.986836 0.043453 0.024922
0 0.017852 0.963437 0.036172 0.027227
0 0.018617 0.920088 0.036172 0.035215
0 0.012398 0.841904 0.021953 0.025996
0 0.017234 0.745811 0.031781 0.031621
0 0.014609 0.612441 0.026469 0.030586
0 0.023016 0.568945 0.035500 0.029297
0 0.019727 0.526074 0.035516 0.029297
0 0.026109 0.411426 0.048344 0.035352
0 0.030609 0.368477 0.048344 0.035352
0 0.034242 0.321992 0.048328 0.035352
0 0.271969 0.223574 0.024875 0.035352
1 0.098227 0.628115 0.015422 0.013613
1 0.067805 0.578232 0.015422 0.013613
1 0.092289 0.555557 0.015422 0.013613
1 0.195695 0.520410 0.015422 0.013594
1 0.474148 0.770977 0.015422 0.013594
1 0.485945 0.777783 0.015422 0.013613
0 0.588516 0.578516 0.026719 0.077500
1 0.117875 0.800547 0.015406 0.013594
1 0.110000 0.809082 0.015406 0.013594
