3 0.535133 0.486797 0.030172 0.066133
3 0.484523 0.466719 0.027234 0.060469
1 0.513188 0.399766 0.005469 0.015937
1 0.507531 0.396797 0.005469 0.015937
0 0.441656 0.464844 0.011813 0.028203
0 0.671594 0.426475 0.011813 0.028223
0 0.674789 0.506064 0.020578 0.032832
0 0.507766 0.301758 0.032594 0.013281
0 0.444453 0.325908 0.011813 0.028223
0 0.578063 0.256641 0.011813 0.021094
0 0.790625 0.305645 0.031594 0.019961
0 0.900102 0.319453 0.031578 0.019961
0 0.853063 0.190469 0.025156 0.014922
0 0.856055 0.203262 0.025141 0.014922
0 0.864867 0.237812 0.025141 0.014922
0 0.866383 0.249580 0.025141 0.014941
0 0.870633 0.276162 0.025141 0.014941
0 0.773969 0.348633 0.034563 0.018516
0 0.775570 0.362422 0.038234 0.018906
0 0.783844 0.389658 0.034563 0.022246
0 0.787195 0.420566 0.034578 0.022539
0 0.885047 0.408223 0.034563 0.024453
0 0.912711 0.359150 0.016922 0.024863
0 0.930727 0.360898 0.016922 0.028320
0 0.950227 0.364629 0.016922 0.028320
0 0.798031 0.467910 0.034562 0.022539
0 0.794695 0.484238 0.034578 0.022539
0 0.799250 0.501699 0.034563 0.022539
0 0.802445 0.547529 0.037922 0.022559
0 0.804586 0.567354 0.035516 0.022559
0 0.806234 0.590176 0.034562 0.022539
0 0.875695 0.456055 0.024453 0.013281
0 0.874281 0.444375 0.024437 0.013281
0 0.880492 0.521699 0.024453 0.019102
0 0.886734 0.506260 0.024437 0.013301
0 0.900102 0.488379 0.024453 0.018555
0 0.879031 0.547656 0.028188 0.019648
0 0.890922 0.565000 0.028188 0.019648
0 0.889031 0.587051 0.028187 0.019648
0 0.727219 0.322627 0.030781 0.014512
0 0.734680 0.335381 0.023141 0.014512
0 0.716445 0.341396 0.023141 0.014512
1 0.723547 0.264473 0.007094 0.016758
1 0.708906 0.403740 0.007094 0.016777
1 0.715734 0.401367 0.007094 0.013281
0 0.549438 0.073418 0.020500 0.013281
0 0.527648 0.071797 0.022703 0.013281
0 0.685648 0.084258 0.022703 0.013281
0 0.402734 0.067500 0.024844 0.015195
0 0.294063 0.066543 0.024844 0.015195
0 0.172297 0.068516 0.024844 0.015195
0 0.170187 0.237793 0.011813 0.021094
