0 0.821109 0.211357 0.109781 0.071543
0 0.804180 0.282227 0.106266 0.067305
0 0.811187 0.358213 0.113281 0.072988
0 0.934398 0.377119 0.081766 0.067285
0 0.930312 0.475732 0.085250 0.071543
0 0.954250 0.235518 0.084094 0.069941
0 0.958336 0.172090 0.071234 0.071523
0 0.935570 0.308584 0.079422 0.072988
0 0.752789 0.086543 0.057234 0.125547
0 0.850891 0.055225 0.122625 0.083066
0 0.835711 0.142881 0.089922 0.068613
3 0.852445 0.675674 0.295109 0.133496
3 0.176227 0.401992 0.335828 0.387148
3 0.815242 0.450195 0.144766 0.100859
3 0.861344 0.556260 0.277313 0.132012
