3 0.748789 0.926094 0.280047 0.147813
3 0.770742 0.735732 0.136453 0.134980
3 0.189273 0.436846 0.378547 0.249199
3 0.788547 0.855146 0.269375 0.213613
0 0.978297 0.523760 0.043406 0.071543
0 0.883594 0.457344 0.087594 0.090508
0 0.816445 0.367705 0.077078 0.121152
0 0.964281 0.592373 0.071438 0.094902
0 0.933812 0.655947 0.087594 0.090371
0 0.984133 0.715010 0.031734 0.068613
0 0.974219 0.777852 0.051562 0.077500
0 0.958437 0.856680 0.083125 0.088906
0 0.876586 0.803330 0.089922 0.084668
0 0.812352 0.055020 0.080578 0.110039
0 0.908703 0.719385 0.084094 0.091973
0 0.798305 0.649453 0.110891 0.106563
0 0.812352 0.580771 0.101609 0.100566
0 0.922719 0.374199 0.114438 0.128320
0 0.951430 0.036699 0.097141 0.073398
