0 0.886516 0.945664 0.065406 0.089063
0 0.657023 0.943271 0.089922 0.113457
0 0.802422 0.823838 0.072406 0.108184
0 0.751039 0.863252 0.086422 0.116660
0 0.965352 0.960059 0.064234 0.079883
0 0.832211 0.965898 0.064234 0.068203
0 0.892938 0.422363 0.099281 0.111133
0 0.778484 0.712881 0.096938 0.093574
0 0.869000 0.775664 0.074750 0.149062
0 0.697898 0.894717 0.082922 0.124082
3 0.937883 0.789883 0.124234 0.255117
3 0.192836 0.438262 0.385672 0.151445
1 0.904047 0.336689 0.019000 0.020645
1 0.897445 0.309844 0.023953 0.024766
1 0.893313 0.365605 0.019000 0.024766
1 0.865641 0.347539 0.026438 0.023750
1 0.871414 0.311396 0.021484 0.027871
