1 0.696781 0.891934 0.016531 0.023750
0 0.417031 0.708574 0.072406 0.125547
0 0.638922 0.885215 0.079406 0.137227
0 0.320672 0.727559 0.087594 0.087578
0 0.299016 0.650918 0.107563 0.103633
0 0.277406 0.580771 0.104062 0.100566
0 0.236523 0.523027 0.115734 0.102187
0 0.124414 0.608584 0.087703 0.091973
0 0.151273 0.674199 0.092391 0.086289
0 0.179305 0.744346 0.092391 0.083223
0 0.202656 0.815146 0.092375 0.087598
0 0.158867 0.927480 0.093547 0.093281
0 0.098133 0.806396 0.093547 0.084668
0 0.061930 0.717998 0.084203 0.074590
0 0.037414 0.666904 0.074828 0.086270
0 0.088789 0.520918 0.091203 0.085977
0 0.022820 0.587305 0.045641 0.078906
0 0.353641 0.818809 0.128156 0.105313
3 0.322781 0.921641 0.244438 0.156719
3 0.096719 0.278887 0.193437 0.223984
3 0.116891 0.399033 0.233781 0.238809
3 0.191062 0.449463 0.137656 0.143887
3 0.697172 0.123496 0.096125 0.246992
1 0.752125 0.866641 0.026438 0.026836
1 0.742211 0.903301 0.019828 0.025820
1 0.724867 0.887295 0.019828 0.022715
1 0.711648 0.894521 0.016516 0.024785
1 0.701734 0.857344 0.026438 0.024766
