3 0.237937 0.813613 0.155438 0.204688
3 0.965766 0.198047 0.068469 0.164648
3 0.932539 0.150498 0.134922 0.195957
3 0.880508 0.112676 0.144766 0.188516
3 0.777859 0.139375 0.226656 0.274570
3 0.344141 0.101240 0.075938 0.202480
3 0.053406 0.495439 0.090188 0.129043
3 0.261070 0.880107 0.196984 0.239785
3 0.333461 0.905322 0.135266 0.189355
3 0.443820 0.949824 0.102047 0.100352
3 0.528078 0.937217 0.128156 0.125566
1 0.507484 0.634561 0.013938 0.016426
1 0.517047 0.671660 0.013938 0.015938
1 0.527008 0.661689 0.013141 0.010957
1 0.543148 0.664434 0.011953 0.017422
1 0.591148 0.602930 0.012359 0.015937
0 0.099992 0.722012 0.068234 0.086367
0 0.049867 0.795000 0.071141 0.093672
1 0.502508 0.677139 0.011953 0.010957
0 0.232891 0.717148 0.090500 0.110703
0 0.124375 0.863740 0.054500 0.094902
0 0.129727 0.765195 0.057422 0.082734
1 0.498523 0.663193 0.016734 0.016934
0 0.192984 0.658750 0.067156 0.086367
0 0.160867 0.614346 0.071047 0.097324
0 0.020336 0.735391 0.040672 0.066914
0 0.134594 0.563252 0.069094 0.092441
0 0.095172 0.535273 0.073969 0.099766
0 0.037219 0.635645 0.061406 0.083945
0 0.256680 0.616777 0.077953 0.094883
0 0.461547 0.684297 0.086719 0.103398
0 0.453328 0.847314 0.083687 0.113145
0 0.064953 0.673955 0.068219 0.090020
