0 0.846219 0.348145 0.084094 0.051094
3 0.729523 0.475225 0.244859 0.100371
3 0.718625 0.387256 0.201250 0.095410
3 0.680453 0.315381 0.099125 0.070645
3 0.239813 0.286201 0.236938 0.267793
3 0.057703 0.035264 0.115406 0.065801
3 0.033414 0.084834 0.066828 0.068262
3 0.759813 0.022314 0.166437 0.044629
0 0.843883 0.246689 0.060734 0.049629
0 0.847391 0.293398 0.074750 0.052539
0 0.766234 0.332822 0.066531 0.043770
0 0.770891 0.267119 0.068906 0.043809
0 0.775570 0.221133 0.064234 0.051094
0 0.679188 0.250332 0.081813 0.051094
0 0.675711 0.199971 0.072422 0.049629
0 0.685641 0.152520 0.078250 0.051094
0 0.782570 0.169307 0.064234 0.052559
0 0.853813 0.183906 0.066563 0.055469
0 0.790164 0.119678 0.056047 0.043809
0 0.697320 0.104346 0.066578 0.048184
0 0.713672 0.043770 0.094594 0.067148
0 0.855562 0.087539 0.074750 0.043828
0 0.639508 0.062012 0.037359 0.083203
