1 0.152211 0.475957 0.018984 0.015859
0 0.175273 0.423330 0.047891 0.096348
0 0.119211 0.533545 0.082922 0.068613
0 0.060234 0.279531 0.037375 0.086133
0 0.028367 0.343027 0.056734 0.058398
0 0.023109 0.287559 0.046219 0.055469
0 0.017859 0.239385 0.035719 0.055488
0 0.016688 0.193398 0.033375 0.045273
3 0.038672 0.452754 0.077344 0.087773
3 0.029031 0.392949 0.058062 0.062812
3 0.044867 0.517734 0.089734 0.092070
3 0.065172 0.633047 0.130344 0.111016
3 0.127555 0.652402 0.147391 0.115313
3 0.124117 0.729424 0.104703 0.095527
3 0.134797 0.784492 0.134313 0.121328
3 0.144086 0.853770 0.247891 0.177266
3 0.242523 0.867969 0.099203 0.085195
3 0.191586 0.943232 0.214859 0.113535
3 0.898281 0.931602 0.125969 0.107656
3 0.866609 0.838232 0.141125 0.122285
3 0.854914 0.777139 0.132859 0.115410
3 0.836672 0.674736 0.095000 0.087871
3 0.793984 0.636006 0.143188 0.124004
3 0.816016 0.565869 0.100500 0.095605
3 0.773336 0.533613 0.145953 0.111953
3 0.763352 0.472080 0.117734 0.099043
3 0.734781 0.423896 0.161094 0.123145
3 0.731687 0.361504 0.159031 0.115391
3 0.724453 0.299551 0.141812 0.108516
3 0.667656 0.195420 0.164531 0.103340
3 0.574383 0.165732 0.242328 0.135176
3 0.612586 0.037500 0.152141 0.075000
1 0.262641 0.304922 0.016125 0.016563
1 0.163977 0.369111 0.021859 0.015840
1 0.217898 0.429707 0.013828 0.010820
1 0.207859 0.416445 0.013250 0.014414
1 0.204703 0.430430 0.009250 0.016563
