0 0.433437 0.737168 0.067250 0.090352
0 0.331039 0.752607 0.062391 0.089121
0 0.193094 0.661768 0.049531 0.075527
0 0.166891 0.728574 0.064375 0.058086
0 0.064039 0.814482 0.054484 0.064277
0 0.084805 0.742168 0.046578 0.048203
0 0.139203 0.685928 0.056469 0.054395
0 0.123375 0.640811 0.054500 0.063027
0 0.108547 0.599395 0.056469 0.059336
0 0.082828 0.572207 0.058437 0.066758
0 0.030922 0.628447 0.047562 0.055605
0 0.049211 0.661201 0.048547 0.049434
0 0.066023 0.704463 0.052516 0.054395
0 0.024984 0.748350 0.047563 0.058105
0 0.013008 0.693340 0.026016 0.044492
3 0.796148 0.483623 0.113297 0.132715
3 0.913289 0.750117 0.099828 0.123125
3 0.922930 0.683857 0.075047 0.095605
3 0.860930 0.619277 0.095609 0.113594
3 0.813844 0.536211 0.119031 0.137500
3 0.758625 0.444775 0.134812 0.142285
3 0.727555 0.406533 0.138641 0.136309
3 0.641500 0.406533 0.210344 0.190098
3 0.645086 0.264609 0.135297 0.124961
3 0.619031 0.223975 0.139594 0.117793
3 0.608273 0.165410 0.115203 0.095078
3 0.588438 0.119102 0.104219 0.095664
3 0.325492 0.226064 0.075547 0.300059
3 0.037016 0.489033 0.074031 0.102793
3 0.058727 0.529072 0.071703 0.083652
3 0.154344 0.797988 0.127156 0.121914
3 0.159609 0.868506 0.173062 0.179277
3 0.213391 0.887324 0.115219 0.126094
3 0.275531 0.958457 0.102781 0.083086
3 0.341508 0.951582 0.115203 0.096836
1 0.388797 0.724717 0.022906 0.016230
1 0.395430 0.760625 0.013609 0.014102
1 0.385305 0.755654 0.010609 0.014941
1 0.373688 0.746309 0.007313 0.024492
1 0.366383 0.744658 0.007297 0.026973
1 0.361898 0.723896 0.007641 0.013691
