3 0.220109 0.899160 0.117031 0.158477
0 0.014000 0.189570 0.028000 0.063164
0 0.015977 0.063486 0.031953 0.065645
0 0.032398 0.166094 0.044609 0.070586
0 0.049703 0.129619 0.049531 0.069355
3 0.157289 0.960518 0.087766 0.078965
3 0.207227 0.799111 0.161922 0.238535
3 0.312148 0.797041 0.109047 0.160059
3 0.344367 0.753662 0.110703 0.160059
3 0.389805 0.746953 0.095828 0.138359
3 0.426148 0.713398 0.087578 0.135273
3 0.319164 0.392246 0.240391 0.073320
3 0.156797 0.029092 0.064531 0.058184
3 0.101445 0.051299 0.089297 0.102598
3 0.078734 0.093818 0.055437 0.081582
3 0.113687 0.968760 0.069406 0.062480
0 0.034875 0.027764 0.053500 0.055527
