3 0.181297 0.222031 0.128562 0.101172
3 0.127945 0.095820 0.129703 0.113945
3 0.078063 0.038037 0.098688 0.076074
0 0.812180 0.049902 0.043516 0.045859
0 0.862117 0.020957 0.056359 0.041914
0 0.792398 0.013545 0.053391 0.027090
0 0.730594 0.039395 0.064281 0.049570
0 0.707859 0.018457 0.050406 0.036914
3 0.755586 0.076816 0.075734 0.064609
3 0.807500 0.104785 0.146281 0.113359
3 0.844219 0.157852 0.169250 0.129141
3 0.461828 0.310947 0.093000 0.287637
3 0.214281 0.365127 0.101594 0.078887
3 0.197930 0.316338 0.106766 0.088848
3 0.199938 0.266855 0.130281 0.096172
3 0.202523 0.101553 0.196266 0.151387
