3 0.187891 0.196572 0.122250 0.113379
0 0.855687 0.155576 0.037562 0.039668
0 0.907109 0.119727 0.057344 0.049570
3 0.888109 0.264658 0.165219 0.133379
3 0.852828 0.214854 0.144000 0.115527
3 0.802914 0.187217 0.069422 0.063105
3 0.518367 0.420635 0.088922 0.283262
3 0.275094 0.471582 0.099312 0.075234
3 0.257891 0.424248 0.106188 0.085410
3 0.261617 0.370508 0.130859 0.099687
3 0.238953 0.327119 0.128000 0.098965
3 0.256453 0.204492 0.188219 0.146289
3 0.160648 0.164336 0.126266 0.106133
3 0.134828 0.120205 0.107906 0.116816
3 0.127656 0.070723 0.107344 0.111094
3 0.117359 0.048428 0.109563 0.096855
0 0.887820 0.085117 0.048453 0.042148
0 0.870031 0.057920 0.038562 0.037207
0 0.854695 0.017256 0.051422 0.034512
0 0.834922 0.110469 0.045500 0.038438
0 0.821578 0.079551 0.044500 0.045859
0 0.807234 0.040625 0.045500 0.042148
0 0.748891 0.079561 0.057344 0.055762
0 0.779984 0.148848 0.064375 0.055625
0 0.757742 0.119180 0.057453 0.045742
0 0.735492 0.043154 0.048547 0.039551
0 0.684070 0.049277 0.042609 0.061914
