1 0.608398 0.142500 0.007641 0.013711
1 0.584836 0.127969 0.007641 0.012031
1 0.597617 0.119668 0.006641 0.012031
3 0.884453 0.356338 0.069313 0.068770
3 0.931781 0.380547 0.135281 0.114805
3 0.943781 0.438809 0.112438 0.116602
3 0.617219 0.591494 0.086531 0.268965
3 0.358344 0.602285 0.104219 0.086055
3 0.360242 0.548789 0.133859 0.098594
3 0.336820 0.503379 0.126203 0.100977
3 0.352602 0.381172 0.192172 0.145820
3 0.276352 0.373701 0.132422 0.115332
3 0.252203 0.332471 0.126219 0.111738
3 0.223523 0.289141 0.110922 0.109961
3 0.212766 0.241035 0.120000 0.114141
3 0.206070 0.195918 0.122859 0.123086
3 0.174281 0.172314 0.099438 0.099785
3 0.169742 0.122109 0.111391 0.108164
3 0.132930 0.103291 0.076016 0.083652
3 0.140813 0.049551 0.104219 0.099102
3 0.110937 0.033418 0.074094 0.066836
1 0.626500 0.141045 0.005313 0.017441
1 0.624672 0.121123 0.004969 0.014941
1 0.619695 0.113662 0.005641 0.010801
3 0.375547 0.648887 0.095625 0.076484
1 0.610398 0.109922 0.007641 0.009961
0 0.772062 0.219238 0.040687 0.068125
0 0.655883 0.121592 0.043609 0.075527
0 0.565406 0.118555 0.064375 0.076641
0 0.937273 0.321836 0.040547 0.038438
0 0.978273 0.285986 0.043453 0.053262
0 0.961500 0.253223 0.041531 0.042148
0 0.950617 0.224805 0.043516 0.034727
0 0.931828 0.177217 0.047469 0.040918
0 0.900187 0.111699 0.045500 0.055742
0 0.799766 0.167998 0.052500 0.049434
0 0.821031 0.210654 0.047562 0.043262
0 0.832398 0.250205 0.054484 0.050684
0 0.843766 0.288516 0.053500 0.048203
0 0.863547 0.318184 0.061406 0.045742
0 0.916945 0.276777 0.049547 0.044492
0 0.901125 0.246494 0.037688 0.043262
0 0.888273 0.208174 0.045578 0.040801
0 0.878383 0.170469 0.043609 0.042031
