1 0.419758 0.048232 0.009953 0.016934
1 0.497250 0.028311 0.009563 0.016934
3 0.696523 0.022256 0.117672 0.044512
3 0.675578 0.096865 0.123969 0.083184
3 0.696234 0.154229 0.190531 0.123340
3 0.650633 0.191562 0.127984 0.096016
3 0.115664 0.025127 0.102172 0.050254
3 0.088422 0.045918 0.125688 0.091836
3 0.064039 0.077168 0.084953 0.072500
3 0.050844 0.119482 0.093000 0.079668
3 0.211500 0.290156 0.200781 0.152813
3 0.534453 0.419199 0.076938 0.070977
3 0.551953 0.482666 0.155531 0.111855
3 0.543930 0.549707 0.185359 0.128359
1 0.458602 0.036768 0.010359 0.012949
0 0.694453 0.355820 0.055469 0.049570
0 0.715219 0.281045 0.063375 0.053262
0 0.598531 0.209971 0.059437 0.061934
0 0.543703 0.216152 0.038563 0.069336
0 0.530344 0.048662 0.041531 0.085410
0 0.582703 0.256934 0.053500 0.049570
0 0.659836 0.293408 0.057453 0.048340
0 0.639570 0.326787 0.056453 0.050801
0 0.565898 0.293408 0.061422 0.050801
0 0.551070 0.328018 0.057453 0.050801
0 0.544141 0.370049 0.065375 0.058223
0 0.675664 0.402803 0.049547 0.054512
0 0.623742 0.364473 0.054484 0.049570
0 0.613859 0.402188 0.054500 0.045859
0 0.599023 0.452861 0.058453 0.048340
0 0.658852 0.481289 0.069328 0.053281
