0 0.474930 0.949102 0.031734 0.074375
3 0.831914 0.215996 0.062141 0.144023
3 0.979297 0.187012 0.041406 0.127891
3 0.924422 0.181934 0.049250 0.099805
3 0.861320 0.183135 0.047328 0.095020
3 0.792000 0.211787 0.053063 0.126035
3 0.762594 0.230938 0.061187 0.164336
3 0.722195 0.223164 0.054984 0.164336
3 0.685383 0.219580 0.053078 0.148809
3 0.600289 0.256035 0.050203 0.173906
3 0.567063 0.342383 0.056406 0.254570
3 0.479312 0.278447 0.044500 0.167324
3 0.440617 0.288301 0.040641 0.172695
3 0.397109 0.272441 0.039688 0.135117
3 0.357906 0.279014 0.038719 0.125566
3 0.979297 0.847324 0.041406 0.217461
3 0.943305 0.780723 0.039203 0.096211
3 0.922508 0.874072 0.074109 0.251855
3 0.881875 0.875439 0.057844 0.137441
3 0.843867 0.878721 0.053547 0.109355
3 0.794383 0.845850 0.052109 0.112949
3 0.774547 0.927432 0.052594 0.137441
3 0.699492 0.940703 0.053547 0.118594
3 0.659328 0.945488 0.051625 0.109023
3 0.617492 0.951758 0.042547 0.096484
3 0.406195 0.963711 0.042547 0.072578
3 0.364836 0.964912 0.046859 0.070176
3 0.314641 0.968193 0.050687 0.063613
3 0.319867 0.578223 0.195047 0.186914
0 0.443773 0.961514 0.032734 0.076777
0 0.688523 0.673496 0.043609 0.084180
1 0.680227 0.738291 0.006766 0.026895
1 0.670266 0.745010 0.009969 0.018418
1 0.656531 0.743760 0.012750 0.010957
1 0.651945 0.713887 0.013953 0.014922
0 0.661813 0.785430 0.067344 0.045742
0 0.545625 0.888027 0.058437 0.043281
0 0.577273 0.941797 0.034703 0.086523
1 0.651352 0.695244 0.010359 0.015488
0 0.537219 0.946055 0.027781 0.063164
0 0.505578 0.947295 0.035688 0.073066
