3 0.114000 0.623789 0.071187 0.035859
1 0.292172 0.972832 0.009125 0.009961
1 0.290398 0.962129 0.011953 0.013437
1 0.293187 0.943711 0.014344 0.014453
1 0.309531 0.946201 0.009563 0.016426
1 0.327453 0.949189 0.007156 0.015449
1 0.298766 0.975820 0.007969 0.011953
3 0.074414 0.577900 0.146922 0.057363
3 0.071930 0.515508 0.143859 0.064531
3 0.436156 0.547383 0.152031 0.244609
3 0.672516 0.610850 0.098094 0.048848
3 0.677078 0.661797 0.102750 0.043008
3 0.656992 0.709844 0.137172 0.044453
3 0.662734 0.758965 0.128000 0.050898
3 0.611383 0.858643 0.199703 0.062402
3 0.703461 0.983281 0.108484 0.033438
3 0.107117 0.879443 0.121672 0.045176
3 0.088281 0.930361 0.176563 0.055215
3 0.125766 0.974453 0.113062 0.050195
0 0.262508 0.945322 0.030328 0.078691
0 0.180930 0.805791 0.028672 0.071621
0 0.143156 0.838730 0.053844 0.034336
0 0.031563 0.836943 0.050406 0.037910
0 0.069617 0.798311 0.041828 0.033613
0 0.134570 0.787939 0.050422 0.031465
0 0.133141 0.748604 0.057844 0.040059
0 0.064750 0.762900 0.048125 0.028613
0 0.022094 0.765762 0.044188 0.030039
0 0.067336 0.718193 0.039547 0.030762
0 0.018086 0.715693 0.036172 0.030059
0 0.015797 0.680645 0.031594 0.030039
0 0.014078 0.639863 0.028156 0.034336
0 0.055023 0.631992 0.043547 0.034336
0 0.062469 0.681357 0.042406 0.031465
0 0.123125 0.672422 0.064156 0.032187
0 0.131711 0.709971 0.057297 0.030059
