0 0.051875 0.394121 0.053281 0.062305
0 0.039578 0.430244 0.048125 0.057285
0 0.023523 0.453486 0.047047 0.056582
0 0.022125 0.537217 0.040688 0.063652
0 0.024414 0.302197 0.042984 0.055879
0 0.012648 0.346191 0.025297 0.046562
3 0.386633 0.920371 0.106609 0.120703
3 0.408867 0.885713 0.103266 0.115918
3 0.089250 0.223594 0.146812 0.162539
3 0.444719 0.869277 0.089875 0.110547
3 0.476992 0.835820 0.076016 0.102188
3 0.069648 0.352070 0.062672 0.077695
3 0.068937 0.286338 0.125312 0.135059
1 0.038219 0.747256 0.011156 0.014941
1 0.049172 0.765176 0.012344 0.013945
1 0.014914 0.762441 0.014734 0.010469
1 0.015508 0.744766 0.011953 0.017930
3 0.343609 0.583330 0.214656 0.083652
3 0.293875 0.930303 0.164000 0.139395
