3 0.132445 0.886855 0.077859 0.226289
3 0.198148 0.937344 0.059359 0.125313
3 0.081844 0.942822 0.066187 0.114355
3 0.642914 0.907539 0.051578 0.184922
3 0.567484 0.933086 0.052562 0.133828
0 0.248758 0.847930 0.043797 0.109492
0 0.341695 0.845498 0.035047 0.107051
0 0.298391 0.935518 0.036000 0.087598
0 0.346570 0.945244 0.036984 0.090020
0 0.405445 0.850361 0.037953 0.087598
0 0.397664 0.947686 0.037953 0.097324
0 0.442914 0.947080 0.036984 0.088809
0 0.447742 0.838193 0.037047 0.107051
0 0.500336 0.832109 0.042828 0.124102
0 0.506656 0.945850 0.041844 0.096113
