3 0.949648 0.281621 0.046922 0.154492
3 0.921547 0.333535 0.045031 0.155977
3 0.880500 0.307861 0.042625 0.107559
3 0.842344 0.293691 0.048531 0.154492
3 0.797172 0.270713 0.058313 0.297246
3 0.759813 0.369463 0.039938 0.109512
3 0.715234 0.271689 0.046969 0.270840
3 0.677109 0.262646 0.040281 0.157910
3 0.630945 0.250176 0.048141 0.178945
3 0.593414 0.288311 0.048109 0.120254
3 0.495438 0.270957 0.059438 0.196055
3 0.406852 0.299561 0.052797 0.164277
3 0.364211 0.330840 0.048109 0.123203
3 0.324711 0.320088 0.043422 0.130059
3 0.282086 0.310312 0.044203 0.104609
3 0.233383 0.298828 0.056328 0.174531
3 0.199555 0.342822 0.041859 0.116855
3 0.152617 0.291729 0.052797 0.235645
3 0.115664 0.300039 0.056328 0.241523
3 0.075961 0.300293 0.042641 0.143242
3 0.045453 0.292227 0.053594 0.248359
3 0.965797 0.943340 0.030031 0.113320
3 0.936227 0.955371 0.036609 0.089258
3 0.902664 0.948623 0.040828 0.102754
3 0.865828 0.945098 0.044125 0.109805
3 0.828039 0.960645 0.041766 0.078711
3 0.792602 0.951260 0.038484 0.097480
3 0.760219 0.975313 0.031906 0.049375
3 0.721734 0.947158 0.040375 0.105684
3 0.683719 0.973848 0.032844 0.052305
3 0.613320 0.954785 0.037547 0.090430
3 0.572250 0.952725 0.041781 0.094551
3 0.533523 0.979131 0.035672 0.041738
3 0.491289 0.961816 0.044109 0.076367
3 0.429570 0.956543 0.039891 0.086914
3 0.347664 0.932783 0.045984 0.134434
3 0.276328 0.966221 0.044125 0.067559
3 0.233617 0.949209 0.041297 0.101582
3 0.192312 0.953311 0.039437 0.093379
3 0.151477 0.927207 0.038484 0.145586
3 0.113695 0.930430 0.042703 0.139141
3 0.074273 0.935127 0.038016 0.129746
3 0.038367 0.925156 0.042234 0.149687
0 0.985945 0.555791 0.028109 0.092715
