0 0.156594 0.428027 0.047094 0.029141
3 0.561602 0.451084 0.033234 0.093730
3 0.491211 0.412334 0.035641 0.100293
0 0.618953 0.462803 0.020156 0.061465
0 0.075969 0.357480 0.047094 0.029141
0 0.560539 0.869912 0.058922 0.036309
0 0.663359 0.788350 0.022656 0.061582
0 0.070320 0.896602 0.061328 0.035469
0 0.180930 0.830791 0.058109 0.032207
0 0.178359 0.803916 0.058125 0.032207
0 0.205453 0.778271 0.052594 0.032207
0 0.119500 0.763604 0.052594 0.032207
0 0.124398 0.725410 0.057484 0.034219
0 0.120281 0.662715 0.051000 0.034219
0 0.136086 0.587109 0.050328 0.034219
0 0.142508 0.491387 0.050297 0.034219
0 0.032437 0.537871 0.051000 0.034219
0 0.034852 0.504609 0.050984 0.034219
0 0.023953 0.457090 0.042094 0.034219
0 0.015570 0.593887 0.028547 0.034219
0 0.156516 0.455820 0.047094 0.029141
0 0.061453 0.399805 0.047094 0.029141
0 0.171906 0.354453 0.047094 0.029141
0 0.178359 0.324219 0.047094 0.029141
0 0.181578 0.292979 0.047094 0.029160
0 0.089281 0.308770 0.038219 0.028164
0 0.078383 0.331279 0.038234 0.028145
0 0.321539 0.396699 0.026922 0.054648
0 0.265492 0.637393 0.024547 0.058418
0 0.293898 0.453770 0.024547 0.053437
1 0.533102 0.589277 0.009672 0.018125
1 0.309602 0.420967 0.009672 0.018145
1 0.183039 0.466113 0.010797 0.020898
1 0.150938 0.469668 0.010781 0.020898
0 0.991680 0.931748 0.016172 0.036309
0 0.301172 0.828945 0.026719 0.026250
0 0.355156 0.833018 0.026719 0.026191
0 0.406727 0.833994 0.033109 0.024238
