3 0.489500 0.161426 0.030187 0.087070
3 0.552500 0.195234 0.033063 0.087070
0 0.105234 0.562686 0.053406 0.030488
0 0.549922 0.524297 0.053406 0.030469
0 0.969023 0.604102 0.053391 0.030469
0 0.645078 0.463311 0.023281 0.050723
0 0.605055 0.202139 0.022078 0.050723
0 0.213258 0.501787 0.053484 0.028965
0 0.209813 0.474951 0.046625 0.028965
0 0.234766 0.456084 0.047656 0.028965
0 0.156367 0.450957 0.053484 0.033242
0 0.163320 0.416904 0.053484 0.033223
0 0.159852 0.370469 0.053484 0.033242
0 0.176102 0.308066 0.053484 0.033242
0 0.181898 0.234053 0.053484 0.033223
0 0.047227 0.316797 0.053484 0.041797
0 0.316156 0.197734 0.024562 0.041719
0 0.339914 0.156270 0.024547 0.051406
0 0.207961 0.123145 0.040109 0.024023
0 0.215586 0.097734 0.040109 0.024023
0 0.218945 0.077578 0.040109 0.024023
0 0.194086 0.180879 0.040109 0.024023
0 0.194758 0.203555 0.040109 0.024023
0 0.074812 0.208672 0.035219 0.024023
0 0.079859 0.246035 0.044125 0.026445
0 0.074523 0.271641 0.046828 0.027422
0 0.110148 0.165303 0.040109 0.031504
0 0.123914 0.130205 0.043422 0.031504
0 0.123539 0.111162 0.040109 0.031504
0 0.130258 0.091016 0.040109 0.031523
0 0.290898 0.340693 0.029391 0.047402
0 0.321469 0.485098 0.030500 0.035234
0 0.372438 0.490439 0.030375 0.035879
0 0.415906 0.490107 0.030375 0.039863
1 0.331492 0.172920 0.008734 0.020996
1 0.219672 0.212617 0.015562 0.017500
1 0.270781 0.322930 0.008906 0.017500
1 0.263602 0.319043 0.008922 0.017500
