0 0.280094 0.576982 0.025156 0.054434
0 0.310523 0.511719 0.028016 0.060547
0 0.623500 0.579395 0.028000 0.066602
0 0.667062 0.934307 0.028000 0.054434
0 0.191289 0.921074 0.042516 0.035156
0 0.164906 0.945684 0.048281 0.035156
0 0.169250 0.976289 0.058906 0.035156
0 0.101375 0.904609 0.054687 0.035156
0 0.108648 0.863369 0.060078 0.042559
0 0.104953 0.797432 0.052062 0.036270
0 0.123344 0.719082 0.048281 0.035156
0 0.123344 0.612656 0.048281 0.035156
0 0.126250 0.575176 0.048281 0.035156
0 0.137859 0.542520 0.048281 0.035156
0 0.154297 0.459082 0.048281 0.035156
0 0.158172 0.427637 0.048281 0.035156
0 0.164945 0.397402 0.048266 0.035156
0 0.072063 0.404668 0.048281 0.035156
0 0.056594 0.433691 0.048281 0.035156
0 0.057563 0.465117 0.048281 0.035156
0 0.038203 0.509863 0.048281 0.035156
0 0.012289 0.568555 0.025297 0.035156
0 0.019406 0.627266 0.033781 0.035156
0 0.017992 0.657422 0.032891 0.035156
1 0.297656 0.538105 0.013531 0.023906
1 0.181250 0.585645 0.013531 0.023906
1 0.531625 0.726221 0.013531 0.015723
0 0.246930 0.845781 0.026453 0.074141
0 0.293891 0.975986 0.028000 0.027012
0 0.346406 0.983115 0.028000 0.024199
0 0.398797 0.986865 0.028000 0.021270
3 0.486445 0.526934 0.033703 0.104961
3 0.559547 0.574492 0.032281 0.104961
