0 0.057352 0.175254 0.046297 0.033008
0 0.976477 0.013652 0.045984 0.024258
0 0.852258 0.048975 0.041859 0.028613
0 0.804359 0.028867 0.048563 0.027695
0 0.700492 0.039355 0.051859 0.033438
0 0.581820 0.052471 0.059984 0.036816
0 0.332164 0.098516 0.052953 0.029609
3 0.461844 0.224111 0.193656 0.065215
0 0.241672 0.009375 0.038562 0.018750
1 0.146250 0.125293 0.011719 0.019727
1 0.142109 0.119824 0.011719 0.019727
1 0.019734 0.119238 0.014594 0.021875
2 0.125250 0.171299 0.024625 0.020059
2 0.040953 0.198623 0.024625 0.017012
0 0.147437 0.142949 0.052937 0.029609
