0 0.016398 0.499678 0.032797 0.040879
0 0.024570 0.558076 0.049141 0.049629
0 0.024570 0.616465 0.049141 0.052539
0 0.023406 0.677041 0.046812 0.045254
0 0.030992 0.750850 0.061984 0.046855
0 0.078281 0.696094 0.039813 0.095039
0 0.203305 0.904863 0.044391 0.109336
1 0.273398 0.948730 0.014047 0.017539
1 0.285789 0.928076 0.015703 0.017559
1 0.263906 0.932725 0.013219 0.018574
1 0.252750 0.936338 0.010750 0.017559
1 0.240359 0.931699 0.015687 0.014453
1 0.240773 0.914658 0.009922 0.017559
1 0.255641 0.900195 0.014875 0.021680
3 0.438484 0.276582 0.224281 0.365039
3 0.033234 0.816582 0.066469 0.065273
3 0.040945 0.885557 0.081891 0.072676
3 0.048063 0.958975 0.096125 0.077129
3 0.839570 0.855811 0.193422 0.120293
3 0.822961 0.783135 0.195797 0.108418
3 0.725648 0.730547 0.293109 0.115703
3 0.796258 0.574033 0.187484 0.087480
3 0.782016 0.499150 0.206469 0.074160
3 0.803969 0.418311 0.155437 0.075645
3 0.796852 0.347861 0.145953 0.077129
3 0.856773 0.931455 0.159016 0.120293
