0 0.943156 0.350117 0.085250 0.051250
0 0.934398 0.287266 0.067734 0.042344
0 0.851477 0.278584 0.074734 0.050957
0 0.749875 0.279385 0.093438 0.049629
0 0.742867 0.036904 0.088766 0.058379
0 0.925055 0.164717 0.072422 0.050957
0 0.852648 0.159600 0.074734 0.049785
0 0.734109 0.227490 0.087594 0.048027
0 0.742867 0.169092 0.086422 0.054160
0 0.746953 0.109971 0.073562 0.046582
0 0.850313 0.108438 0.074750 0.049648
0 0.912789 0.057412 0.080578 0.046582
0 0.673961 0.077852 0.037359 0.096211
0 0.929141 0.235508 0.068906 0.043945
0 0.847391 0.219463 0.064219 0.043652
0 0.859070 0.353115 0.073578 0.045254
3 0.814648 0.427881 0.229016 0.071348
3 0.761844 0.352227 0.118656 0.062461
3 0.256336 0.421201 0.237328 0.339824
3 0.838977 0.524375 0.280047 0.074141
