3 0.713187 0.744570 0.272937 0.164805
0 0.773109 0.241797 0.089000 0.087500
3 0.867453 0.071211 0.175625 0.123125
3 0.881516 0.149082 0.236969 0.169102
3 0.844313 0.211309 0.186313 0.145508
3 0.198781 0.398955 0.295469 0.253809
3 0.691242 0.553223 0.115109 0.099531
3 0.720305 0.646660 0.234953 0.149961
0 0.786664 0.590986 0.073578 0.059707
0 0.805344 0.520986 0.078250 0.068613
0 0.818187 0.465439 0.078250 0.077520
0 0.932063 0.332598 0.084094 0.062930
0 0.911625 0.442822 0.080594 0.067012
0 0.837461 0.404854 0.074734 0.070215
0 0.854984 0.355303 0.072406 0.064238
0 0.751039 0.312080 0.072422 0.068613
0 0.729430 0.367705 0.089922 0.068613
0 0.654109 0.031660 0.053719 0.063320
0 0.689727 0.249385 0.052547 0.097676
0 0.893523 0.510039 0.079422 0.064219
0 0.887102 0.564707 0.082922 0.065547
0 0.871328 0.626758 0.093437 0.069922
0 0.700820 0.478506 0.095766 0.071543
0 0.707242 0.420264 0.085266 0.068613
