0 0.937992 0.064473 0.077859 0.058398
0 0.772547 0.059600 0.085656 0.053535
0 0.851383 0.031006 0.062297 0.054746
0 0.867922 0.088799 0.062281 0.046230
3 0.890437 0.231035 0.219125 0.127891
3 0.853742 0.160967 0.187797 0.110371
3 0.794180 0.111035 0.096703 0.070078
3 0.396875 0.323887 0.154156 0.345117
0 0.748219 0.023105 0.072031 0.041367
3 0.082180 0.153965 0.155703 0.103359
3 0.101031 0.210391 0.163625 0.103086
3 0.085148 0.271221 0.130516 0.096309
3 0.097648 0.335430 0.123078 0.084492
3 0.122359 0.046484 0.225063 0.092969
0 0.917563 0.019463 0.068125 0.038926
