1 0.602586 0.142861 0.013203 0.013691
3 0.328055 0.731338 0.152391 0.252793
3 0.373859 0.674834 0.132156 0.220059
3 0.391109 0.598262 0.078625 0.111523
3 0.153187 0.199736 0.247562 0.096660
3 0.701594 0.478555 0.161906 0.270625
3 0.636164 0.473350 0.111953 0.191816
3 0.718242 0.399736 0.116703 0.172480
3 0.793469 0.319287 0.116563 0.166348
3 0.797195 0.237715 0.120703 0.178750
3 0.851719 0.225840 0.094250 0.111641
3 0.889305 0.207764 0.118203 0.158105
3 0.921500 0.187324 0.157000 0.281602
3 0.916695 0.074180 0.081984 0.109375
3 0.958883 0.078516 0.082234 0.140273
0 0.430789 0.556953 0.059578 0.093047
0 0.457555 0.521641 0.049672 0.084375
0 0.494234 0.501807 0.053625 0.079434
0 0.531414 0.479502 0.044703 0.074473
1 0.468633 0.104863 0.010328 0.026602
1 0.575617 0.166523 0.013203 0.006523
1 0.604016 0.178008 0.011469 0.010820
1 0.591969 0.174775 0.008031 0.008691
1 0.603445 0.163301 0.010328 0.010117
1 0.570742 0.202383 0.011484 0.016563
0 0.705492 0.266396 0.064234 0.100723
0 0.603305 0.219678 0.077078 0.071543
0 0.517461 0.403623 0.064234 0.056934
0 0.577609 0.453984 0.058406 0.105117
0 0.648852 0.613105 0.058391 0.081758
0 0.587539 0.670771 0.047891 0.080293
0 0.588117 0.578799 0.049047 0.080293
0 0.550141 0.599229 0.050281 0.080293
0 0.512234 0.624785 0.051344 0.084688
0 0.481266 0.648877 0.050219 0.077363
0 0.438633 0.683184 0.056047 0.078828
0 0.483602 0.765664 0.064234 0.097812
0 0.516875 0.734277 0.053719 0.093438
0 0.544320 0.703613 0.045547 0.081758
