0 0.010750 0.767061 0.021500 0.070996
0 0.018438 0.853975 0.036875 0.096348
0 0.048562 0.851064 0.028031 0.070059
0 0.076008 0.848877 0.029203 0.068613
1 0.260062 0.506787 0.012094 0.017285
1 0.356180 0.484922 0.010328 0.015117
1 0.316883 0.457314 0.008609 0.010098
1 0.326063 0.464854 0.010906 0.009395
1 0.329797 0.447988 0.011469 0.014414
1 0.299102 0.437949 0.015484 0.012969
1 0.249766 0.339707 0.013187 0.018711
3 0.974859 0.660225 0.050281 0.217285
3 0.882883 0.654443 0.053359 0.139902
3 0.840719 0.704639 0.056219 0.211621
3 0.788516 0.696396 0.051625 0.186504
3 0.735445 0.687070 0.071703 0.321328
3 0.681234 0.579863 0.055063 0.137031
3 0.638211 0.705352 0.074578 0.365078
3 0.579117 0.684922 0.061953 0.195117
3 0.530062 0.672012 0.054500 0.134883
3 0.471844 0.638662 0.060813 0.185801
3 0.433688 0.717559 0.059094 0.188672
3 0.331867 0.725801 0.050484 0.189375
3 0.284820 0.781016 0.058516 0.296953
3 0.231461 0.737637 0.042453 0.194414
3 0.250914 0.053398 0.047578 0.106797
3 0.029695 0.265176 0.059391 0.090703
0 0.196883 0.855439 0.039703 0.093418
0 0.122141 0.853252 0.037375 0.077363
0 0.049727 0.770039 0.032703 0.074453
0 0.080672 0.769316 0.033875 0.078828
0 0.119219 0.779531 0.031531 0.078828
0 0.153672 0.780254 0.035031 0.074453
0 0.040969 0.663477 0.031531 0.094883
0 0.073672 0.654717 0.033875 0.089043
0 0.107539 0.662744 0.036203 0.084668
0 0.144320 0.669307 0.032703 0.080293
0 0.190453 0.678076 0.040875 0.103652
0 0.160680 0.597783 0.067734 0.036504
0 0.309578 0.501426 0.075906 0.039414
0 0.379070 0.611650 0.042047 0.122637
