3 0.714711 0.351367 0.165859 0.081758
1 0.161680 0.552695 0.021859 0.014414
1 0.232813 0.502500 0.014969 0.014414
1 0.230805 0.515039 0.012109 0.010820
1 0.244000 0.516113 0.012094 0.012969
1 0.306250 0.391709 0.014969 0.029473
1 0.208141 0.446553 0.014969 0.012988
3 0.334961 0.060225 0.076297 0.120449
3 0.673977 0.051973 0.129141 0.066680
3 0.661930 0.117227 0.161266 0.072422
3 0.675695 0.176025 0.156672 0.070996
3 0.627508 0.305107 0.245016 0.099668
3 0.758594 0.466104 0.143469 0.087480
3 0.760891 0.527061 0.153813 0.098965
3 0.759742 0.590518 0.158391 0.111152
3 0.787563 0.638564 0.131438 0.092520
3 0.822563 0.741826 0.097000 0.081035
3 0.794742 0.809951 0.138891 0.098262
3 0.828297 0.850459 0.097000 0.083184
3 0.834320 0.950332 0.133141 0.099336
3 0.230234 0.945127 0.099875 0.074590
3 0.132422 0.917871 0.251906 0.130508
3 0.130984 0.850820 0.137750 0.103984
3 0.124672 0.794531 0.104469 0.084609
3 0.137289 0.717451 0.138891 0.091074
3 0.075344 0.688760 0.133156 0.095371
3 0.054891 0.572939 0.109781 0.083184
3 0.050875 0.510195 0.101750 0.083906
3 0.043992 0.450977 0.087984 0.068125
0 0.032453 0.199238 0.064906 0.051094
0 0.040969 0.236465 0.061906 0.046719
0 0.041547 0.284639 0.065406 0.055488
0 0.044469 0.330625 0.071250 0.045273
0 0.097609 0.337930 0.039719 0.086133
0 0.048555 0.393398 0.077078 0.051094
0 0.138492 0.606533 0.086422 0.056934
0 0.203313 0.500703 0.045562 0.102187
