0 0.081844 0.890479 0.059562 0.055488
0 0.096445 0.935049 0.067734 0.054121
0 0.148406 0.932959 0.050219 0.077363
3 0.680672 0.665137 0.154906 0.109297
3 0.656578 0.610498 0.163156 0.110137
3 0.663117 0.545098 0.129422 0.096367
3 0.643844 0.490840 0.118406 0.089570
3 0.347477 0.532148 0.119109 0.320195
3 0.024867 0.702578 0.049734 0.063672
3 0.031406 0.762803 0.062813 0.072285
1 0.347867 0.970078 0.016641 0.024375
3 0.805961 0.957988 0.132859 0.084023
3 0.650039 0.808848 0.236828 0.155742
3 0.738156 0.823477 0.162469 0.124766
3 0.766719 0.861768 0.138375 0.101543
3 0.793570 0.921572 0.134234 0.123066
0 0.027195 0.974414 0.054391 0.039414
0 0.023109 0.926982 0.046219 0.040879
0 0.013187 0.886094 0.026375 0.046719
0 0.044469 0.810918 0.071250 0.051094
0 0.071328 0.848145 0.059562 0.052539
