3 0.033664 0.447813 0.067328 0.069570
0 0.674891 0.296260 0.093938 0.066738
0 0.750250 0.268799 0.063531 0.052363
0 0.822906 0.235859 0.079063 0.059141
0 0.800602 0.189385 0.058797 0.047324
0 0.783367 0.154746 0.044609 0.032109
0 0.773570 0.093496 0.064203 0.044766
0 0.699563 0.071533 0.051375 0.039707
0 0.741805 0.017812 0.057453 0.035625
0 0.606297 0.048301 0.081094 0.045625
0 0.554250 0.103223 0.037844 0.079414
0 0.618797 0.108701 0.060156 0.046465
0 0.624547 0.154746 0.068938 0.060820
0 0.632656 0.200371 0.070281 0.059141
0 0.653602 0.243877 0.077047 0.059980
0 0.734375 0.211348 0.060156 0.047305
0 0.719164 0.169111 0.051359 0.043926
0 0.712063 0.117998 0.061500 0.046465
3 0.768742 0.409854 0.223641 0.130840
3 0.734242 0.340703 0.185578 0.114492
3 0.292906 0.507256 0.135625 0.325645
3 0.039977 0.500879 0.079953 0.068125
3 0.045141 0.383271 0.090281 0.081035
3 0.037969 0.329492 0.075938 0.079609
3 0.076695 0.191807 0.153391 0.111152
3 0.019039 0.158818 0.038078 0.065254
