3 0.158406 0.013115 0.119375 0.026230
3 0.801820 0.671230 0.205953 0.061016
3 0.790320 0.599160 0.171578 0.063164
3 0.755609 0.535693 0.083813 0.061035
3 0.372680 0.550078 0.196828 0.240234
3 0.128289 0.426699 0.106203 0.066758
3 0.132875 0.371836 0.114219 0.064609
3 0.159266 0.321279 0.147500 0.062441
3 0.159555 0.263555 0.142328 0.063164
3 0.233273 0.164951 0.223234 0.073926
3 0.169023 0.106865 0.144047 0.055293
3 0.168734 0.054160 0.142344 0.050273
3 0.810484 0.249277 0.142281 0.062461
3 0.842031 0.188330 0.209969 0.073926
3 0.804180 0.132402 0.130797 0.062461
3 0.797570 0.029131 0.129078 0.048105
1 0.610062 0.138955 0.007969 0.009160
1 0.612055 0.117168 0.009953 0.015391
1 0.607078 0.106582 0.009969 0.011680
1 0.602594 0.095791 0.008969 0.014980
1 0.590977 0.099531 0.008953 0.013320
1 0.580016 0.119648 0.009625 0.012070
0 0.662555 0.067627 0.079109 0.043262
0 0.643289 0.141182 0.036578 0.089004
0 0.762937 0.288887 0.072187 0.045742
0 0.709039 0.317939 0.031641 0.079121
0 0.893461 0.315469 0.060328 0.037070
0 0.840062 0.353174 0.054375 0.035840
0 0.759961 0.348232 0.056359 0.043262
0 0.753039 0.392109 0.062297 0.037070
0 0.836109 0.395811 0.052406 0.039551
0 0.895437 0.402002 0.056375 0.039551
0 0.890500 0.458242 0.050437 0.038320
0 0.892969 0.499648 0.059344 0.039570
0 0.894945 0.546621 0.067234 0.044492
0 0.828195 0.546006 0.054391 0.035840
0 0.829188 0.484189 0.050438 0.033379
0 0.830672 0.441553 0.053406 0.039551
0 0.744641 0.436611 0.063281 0.039551
0 0.751555 0.481729 0.071203 0.043262
