3 0.328992 0.064385 0.074016 0.128770
3 0.293422 0.085742 0.074000 0.131953
1 0.751492 0.367217 0.011297 0.013262
1 0.772578 0.361826 0.012281 0.012441
1 0.781203 0.375518 0.012281 0.014121
0 0.801000 0.348848 0.061313 0.086523
1 0.777219 0.385479 0.014281 0.010801
1 0.771742 0.396260 0.014609 0.008301
1 0.756969 0.408926 0.012938 0.009531
3 0.352008 0.406289 0.244609 0.104297
0 0.660586 0.832773 0.045484 0.067969
0 0.618055 0.752432 0.051422 0.087754
3 0.523758 0.898555 0.134234 0.202891
3 0.564773 0.860225 0.119891 0.199355
3 0.584562 0.786709 0.068844 0.101113
3 0.807156 0.675918 0.096375 0.170664
3 0.861375 0.675566 0.139406 0.235938
3 0.877719 0.607441 0.099812 0.157031
3 0.944266 0.536797 0.096375 0.146289
3 0.943406 0.449678 0.093500 0.147012
3 0.977297 0.435693 0.045406 0.088926
3 0.533219 0.084463 0.110719 0.168926
3 0.419344 0.054707 0.076875 0.109414
0 0.814359 0.800635 0.044500 0.070449
3 0.377469 0.070479 0.087188 0.140957
0 0.776281 0.444648 0.071188 0.072930
0 0.697664 0.613984 0.060328 0.055625
0 0.750570 0.653545 0.047453 0.085293
0 0.640805 0.720293 0.047453 0.080352
0 0.676406 0.702979 0.053406 0.077871
0 0.712000 0.684434 0.039562 0.072930
0 0.757992 0.768496 0.040547 0.067969
0 0.691734 0.809287 0.044500 0.070449
0 0.723867 0.788271 0.039547 0.067988
0 0.756008 0.851318 0.042516 0.070449
0 0.715961 0.879746 0.037578 0.065508
0 0.691242 0.903848 0.043516 0.069219
0 0.621031 0.866143 0.047469 0.067988
0 0.660930 0.937041 0.058047 0.086152
