0 0.754281 0.399082 0.052500 0.101484
0 0.716203 0.492412 0.073281 0.043379
0 0.595562 0.623447 0.063375 0.040918
0 0.636648 0.687100 0.040547 0.091582
1 0.737719 0.432998 0.011625 0.013691
1 0.729914 0.441709 0.009953 0.010371
1 0.707172 0.449805 0.014938 0.009961
1 0.724102 0.449395 0.012953 0.009961
3 0.317969 0.285264 0.223125 0.179668
3 0.350070 0.838086 0.087016 0.259961
3 0.401219 0.804922 0.078406 0.216328
3 0.439703 0.743672 0.050188 0.105781
3 0.681602 0.729922 0.061672 0.184648
3 0.737781 0.754424 0.088906 0.269512
3 0.771484 0.692871 0.070281 0.169102
3 0.856102 0.653730 0.064547 0.162539
0 0.591117 0.877461 0.032734 0.074297
0 0.574305 0.803291 0.034703 0.069355
0 0.535734 0.810098 0.034719 0.070586
0 0.541672 0.888584 0.028781 0.069355
0 0.512992 0.902793 0.034703 0.073047
0 0.475414 0.918252 0.042609 0.086660
0 0.456625 0.834824 0.038656 0.070586
0 0.501617 0.819355 0.035703 0.066875
0 0.480859 0.722334 0.039656 0.092832
0 0.513984 0.703789 0.036688 0.080469
0 0.550070 0.701309 0.037672 0.080469
0 0.588641 0.695137 0.031750 0.070586
0 0.611383 0.795879 0.035703 0.074297
0 0.658406 0.850947 0.038563 0.082832
3 0.877852 0.576338 0.071703 0.169121
3 0.929484 0.590088 0.066937 0.120098
3 0.963313 0.587998 0.073375 0.164941
3 0.980523 0.515088 0.038953 0.156582
3 0.584055 0.072891 0.058859 0.145781
3 0.483664 0.022100 0.041641 0.044199
3 0.440633 0.027773 0.039734 0.055547
1 0.710492 0.412246 0.012953 0.012852
1 0.732898 0.413691 0.012609 0.013281
