1 0.385305 0.662275 0.009953 0.014941
3 0.959648 0.601406 0.074578 0.101641
3 0.918539 0.586768 0.096578 0.141699
3 0.919258 0.521963 0.074109 0.107559
3 0.848734 0.462471 0.089875 0.111816
3 0.813602 0.432598 0.119047 0.151250
3 0.795195 0.381494 0.117609 0.145879
3 0.771773 0.337275 0.106141 0.136309
3 0.697453 0.262578 0.133344 0.151836
3 0.611141 0.273340 0.196000 0.203242
3 0.604688 0.139482 0.127656 0.127949
3 0.572414 0.103916 0.130984 0.132129
3 0.559984 0.047646 0.111875 0.095293
3 0.282945 0.143857 0.062641 0.287715
3 0.028047 0.438301 0.056094 0.096797
3 0.042234 0.480430 0.071719 0.092617
3 0.157930 0.735303 0.121422 0.137441
3 0.169398 0.807012 0.164453 0.205586
3 0.222945 0.819258 0.112828 0.140430
3 0.292984 0.894258 0.103750 0.141016
3 0.363023 0.874844 0.098484 0.126094
3 0.371008 0.947051 0.085172 0.105898
3 0.409828 0.958408 0.078563 0.083184
3 0.478398 0.965127 0.076922 0.069746
1 0.374016 0.654180 0.007313 0.021992
1 0.358250 0.632607 0.012281 0.019512
1 0.403727 0.662695 0.012953 0.016602
1 0.366375 0.652529 0.006625 0.022832
1 0.382984 0.626787 0.013281 0.013691
0 0.435414 0.633330 0.059328 0.092832
0 0.331539 0.664844 0.063391 0.084180
0 0.185672 0.591309 0.048562 0.073047
0 0.166445 0.665469 0.059328 0.068125
0 0.136773 0.619727 0.051422 0.055742
0 0.117000 0.580176 0.053406 0.070586
0 0.099695 0.543096 0.054391 0.065645
0 0.072008 0.515898 0.060328 0.073047
0 0.023391 0.584570 0.046781 0.066758
0 0.046242 0.610527 0.046578 0.049453
0 0.064539 0.653789 0.047578 0.056875
0 0.085305 0.689629 0.045578 0.051914
0 0.025484 0.701992 0.050531 0.061797
0 0.071953 0.766270 0.052500 0.069219
0 0.010047 0.653164 0.020094 0.045742
