3 0.100211 0.026914 0.087203 0.053828
1 0.552961 0.012188 0.005641 0.015352
1 0.541836 0.029209 0.009953 0.012871
1 0.519266 0.042285 0.009969 0.013281
3 0.062633 0.015439 0.040734 0.030879
3 0.115094 0.048818 0.096437 0.094668
3 0.143203 0.071445 0.117094 0.126992
3 0.150945 0.114111 0.119953 0.119121
3 0.160992 0.158574 0.113641 0.114805
3 0.185656 0.198369 0.125125 0.114082
3 0.206883 0.240361 0.129703 0.119043
3 0.282609 0.243906 0.192812 0.144922
3 0.263109 0.365850 0.123969 0.100410
3 0.283758 0.409912 0.129703 0.098301
3 0.283758 0.460869 0.105609 0.086777
3 0.299820 0.507764 0.096422 0.075996
3 0.539328 0.454736 0.086688 0.275293
3 0.813867 0.224150 0.071141 0.069551
3 0.863781 0.251758 0.139969 0.116172
3 0.897625 0.301631 0.161781 0.129863
0 0.699445 0.092607 0.037578 0.064277
0 0.729609 0.040625 0.064281 0.047109
0 0.749883 0.085117 0.051422 0.042148
0 0.760258 0.119736 0.054391 0.052051
0 0.771141 0.157432 0.056375 0.048340
0 0.916008 0.159902 0.057359 0.055742
0 0.867062 0.193896 0.042531 0.044629
0 0.843820 0.151875 0.039547 0.039688
0 0.892766 0.125918 0.038563 0.039687
0 0.874453 0.098730 0.037656 0.032227
0 0.861625 0.054219 0.049437 0.044609
0 0.805258 0.044951 0.045484 0.033496
0 0.817117 0.081416 0.043516 0.034746
0 0.832937 0.116641 0.047469 0.043398
0 0.790914 0.187100 0.060328 0.048340
