0 0.729555 0.546797 0.058453 0.055742
0 0.635617 0.436172 0.052516 0.066875
0 0.582258 0.423809 0.048453 0.059453
0 0.608961 0.248906 0.060328 0.073047
0 0.572820 0.140742 0.071297 0.059453
0 0.607930 0.478193 0.046578 0.061934
0 0.582711 0.506631 0.055484 0.061934
0 0.557984 0.535059 0.053500 0.059453
0 0.546117 0.572754 0.059422 0.080469
0 0.574297 0.670410 0.050531 0.060703
0 0.600508 0.625908 0.049547 0.058223
0 0.619789 0.596240 0.046578 0.058223
0 0.646984 0.565937 0.051531 0.061875
0 0.689508 0.611074 0.055484 0.060664
0 0.660336 0.648789 0.042609 0.059453
0 0.646984 0.678447 0.053500 0.061934
0 0.627703 0.719238 0.066344 0.069336
0 0.666758 0.534443 0.043609 0.050801
3 0.150375 0.097227 0.077500 0.103984
3 0.123984 0.133467 0.077500 0.096152
3 0.740984 0.417080 0.168719 0.180059
3 0.739547 0.355059 0.114219 0.116250
3 0.780281 0.272588 0.115375 0.107637
3 0.766516 0.198330 0.123406 0.119746
3 0.806953 0.174307 0.084969 0.074590
3 0.834203 0.147090 0.117656 0.106211
3 0.872070 0.118369 0.196828 0.193613
3 0.827898 0.033770 0.078641 0.067539
3 0.915383 0.065322 0.154953 0.130645
3 0.936039 0.034092 0.094141 0.068184
3 0.242477 0.372266 0.212266 0.084688
1 0.596648 0.191650 0.011547 0.012949
1 0.575930 0.169229 0.010766 0.016934
1 0.600234 0.207334 0.012344 0.017441
3 0.322766 0.046641 0.112500 0.093281
3 0.211758 0.048076 0.099297 0.096152
3 0.690219 0.439316 0.118812 0.132734
3 0.187375 0.078574 0.101031 0.126914
1 0.519359 0.209072 0.011562 0.020918
1 0.544656 0.210820 0.012750 0.016445
1 0.582109 0.223516 0.014344 0.020898
3 0.500633 0.743691 0.164078 0.174961
3 0.523852 0.683809 0.140609 0.149883
3 0.523555 0.615010 0.071203 0.081113
