3 0.448602 0.203604 0.141703 0.216621
0 0.675711 0.748350 0.043516 0.067988
0 0.656375 0.692041 0.056469 0.056973
1 0.694438 0.440605 0.011125 0.014883
1 0.714570 0.472012 0.012359 0.022891
1 0.709391 0.488193 0.009969 0.010449
1 0.693453 0.495664 0.010750 0.012461
1 0.671148 0.477236 0.009953 0.018418
1 0.660391 0.460313 0.009156 0.015430
3 0.588016 0.030107 0.075156 0.060215
3 0.546414 0.035850 0.079172 0.071699
3 0.503391 0.046963 0.092938 0.093926
3 0.470125 0.077031 0.109000 0.137031
3 0.444305 0.111455 0.107859 0.145645
0 0.722680 0.816953 0.040547 0.059336
3 0.349648 0.208984 0.098672 0.147070
3 0.320383 0.239102 0.094078 0.148516
3 0.280227 0.253799 0.078016 0.127715
3 0.246953 0.283555 0.073438 0.118398
3 0.334734 0.566455 0.222594 0.071777
3 0.981172 0.322666 0.037656 0.078926
3 0.961766 0.357822 0.072281 0.109004
3 0.951336 0.423428 0.097328 0.162793
3 0.945414 0.475029 0.101547 0.129863
3 0.917305 0.499766 0.080891 0.094727
3 0.860797 0.500127 0.076875 0.106934
3 0.874859 0.589404 0.094656 0.116230
3 0.818922 0.658965 0.100969 0.126289
3 0.808586 0.721709 0.143422 0.197285
3 0.758969 0.727803 0.099250 0.143496
3 0.569078 0.859434 0.063687 0.086758
3 0.563914 0.919854 0.124484 0.160293
3 0.516875 0.938145 0.110719 0.123711
0 0.777516 0.837285 0.049531 0.068125
0 0.705828 0.718623 0.042625 0.073066
0 0.714773 0.528262 0.060328 0.063164
0 0.696430 0.411445 0.067328 0.076758
0 0.694500 0.915215 0.033625 0.048203
0 0.676703 0.941797 0.043500 0.056875
0 0.655937 0.968428 0.055375 0.063145
0 0.610891 0.918867 0.042625 0.060703
0 0.642039 0.880547 0.041641 0.053281
0 0.599539 0.821221 0.051547 0.082949
0 0.617320 0.789697 0.043609 0.064395
0 0.645008 0.773623 0.051516 0.069355
0 0.667258 0.859531 0.038672 0.060703
0 0.695937 0.837285 0.036687 0.063164
0 0.729555 0.889209 0.044609 0.068105
