3 0.829484 0.513242 0.140031 0.232891
1 0.723492 0.063164 0.019922 0.029375
1 0.756961 0.104004 0.013547 0.021406
1 0.753172 0.126406 0.013938 0.021406
1 0.760141 0.152803 0.022312 0.020410
1 0.731859 0.148818 0.017531 0.017441
3 0.543500 0.692725 0.099688 0.134980
3 0.202336 0.235781 0.316828 0.099531
3 0.956867 0.187656 0.086266 0.169102
3 0.962203 0.301133 0.075594 0.158711
3 0.914328 0.410078 0.145969 0.201875
3 0.899312 0.496924 0.201375 0.302598
3 0.478234 0.857861 0.211219 0.284277
3 0.525109 0.794336 0.183938 0.266992
0 0.687391 0.706250 0.059563 0.094883
0 0.614984 0.592520 0.071250 0.106563
0 0.658195 0.565371 0.075922 0.102187
0 0.699656 0.532666 0.063062 0.091973
0 0.728289 0.790186 0.052516 0.072988
0 0.781992 0.747920 0.061891 0.093574
0 0.732938 0.669092 0.061906 0.087754
0 0.770891 0.636973 0.053719 0.084805
0 0.852062 0.674131 0.068906 0.091973
0 0.751625 0.488867 0.071250 0.121172
0 0.677461 0.440547 0.079422 0.086133
0 0.885344 0.250840 0.081750 0.118398
0 0.760961 0.207051 0.082922 0.095039
0 0.701406 0.833330 0.061906 0.089199
0 0.665203 0.880693 0.082906 0.105137
0 0.605641 0.792422 0.068906 0.097734
0 0.650602 0.736172 0.060734 0.087578
0 0.584617 0.637637 0.078234 0.109492
