0 0.290891 0.644277 0.044375 0.122773
0 0.739945 0.631133 0.038547 0.140000
3 0.668102 0.767627 0.056953 0.234355
3 0.608172 0.822256 0.067625 0.355488
3 0.541125 0.767627 0.078313 0.249199
3 0.231414 0.647480 0.061703 0.145352
3 0.169703 0.703848 0.080687 0.287773
3 0.097320 0.717197 0.075953 0.341152
3 0.274719 0.090117 0.176813 0.180234
1 0.728313 0.328848 0.020656 0.024102
1 0.721422 0.412197 0.016344 0.018926
1 0.707281 0.417188 0.014344 0.015937
1 0.705883 0.431377 0.013141 0.014434
1 0.697125 0.445566 0.020313 0.015937
1 0.681391 0.415684 0.012750 0.021914
3 0.953484 0.743184 0.053406 0.221055
3 0.906023 0.731289 0.058141 0.170586
3 0.846102 0.686787 0.064078 0.238809
3 0.790320 0.769854 0.054578 0.229902
0 0.288555 0.776318 0.039703 0.083223
0 0.330016 0.779307 0.033875 0.074590
0 0.381406 0.798213 0.038531 0.091973
0 0.376727 0.901865 0.045547 0.097793
0 0.313672 0.884346 0.040875 0.089043
0 0.272789 0.885078 0.033859 0.093437
0 0.225492 0.887998 0.039703 0.119707
0 0.226664 0.769814 0.042047 0.093574
0 0.340531 0.636240 0.040875 0.109629
0 0.384906 0.656689 0.033875 0.112559
0 0.435711 0.671943 0.042047 0.096348
0 0.431039 0.808516 0.037359 0.106719
0 0.473664 0.903477 0.038547 0.106563
0 0.499945 0.675664 0.049047 0.112266
0 0.467828 0.585068 0.087594 0.056934
0 0.665781 0.487412 0.100438 0.056934
