0 0.129242 0.689160 0.050609 0.093672
1 0.600906 0.572061 0.012750 0.016934
1 0.589352 0.535205 0.007172 0.024902
0 0.091773 0.782236 0.051578 0.097324
0 0.044086 0.754854 0.057422 0.113145
0 0.075711 0.656318 0.050609 0.098535
0 0.293719 0.663623 0.062281 0.088809
0 0.345297 0.703154 0.072031 0.121660
1 0.668039 0.477187 0.010766 0.017422
0 0.208555 0.754248 0.057422 0.090020
0 0.245055 0.787705 0.052547 0.088809
0 0.586172 0.757900 0.069094 0.133809
0 0.261117 0.892939 0.057422 0.107051
0 0.175469 0.840010 0.059375 0.098535
0 0.126320 0.796826 0.050609 0.082715
0 0.167195 0.720186 0.056453 0.097324
0 0.250898 0.623467 0.058391 0.113145
0 0.213883 0.588154 0.062234 0.108340
0 0.171086 0.569336 0.066172 0.109492
3 0.326930 0.081963 0.105609 0.163926
3 0.713781 0.064160 0.098500 0.128320
0 0.561305 0.594268 0.099359 0.088809
0 0.347711 0.593672 0.086766 0.077852
1 0.607687 0.560352 0.012750 0.015430
1 0.635563 0.548652 0.019125 0.015938
1 0.617844 0.549658 0.011562 0.012949
3 0.055188 0.568125 0.110375 0.265508
3 0.116898 0.548838 0.079516 0.143887
3 0.481195 0.858105 0.112734 0.219531
3 0.365500 0.800264 0.121031 0.234355
3 0.410000 0.857119 0.145969 0.285762
3 0.593336 0.901611 0.102047 0.196777
3 0.674625 0.857373 0.115094 0.229902
3 0.024336 0.465781 0.048672 0.164648
3 0.716750 0.922383 0.078312 0.155234
3 0.771930 0.927568 0.074766 0.144863
3 0.843727 0.911182 0.104422 0.177637
3 0.904242 0.918184 0.080703 0.149805
