0 0.708086 0.522354 0.036391 0.095645
3 0.608039 0.510596 0.053203 0.163887
3 0.488289 0.437793 0.053203 0.175352
1 0.044898 0.832354 0.020203 0.022871
1 0.049070 0.849766 0.020203 0.022891
1 0.038945 0.464883 0.020203 0.022891
1 0.044250 0.497236 0.021562 0.022871
1 0.053352 0.495596 0.020203 0.022871
1 0.010781 0.533516 0.021563 0.022891
1 0.562813 0.762725 0.020375 0.022871
1 0.182063 0.456172 0.020375 0.036289
0 0.018133 0.301318 0.032578 0.046465
0 0.017156 0.249580 0.032563 0.046465
0 0.290547 0.132246 0.036406 0.038555
0 0.199148 0.416719 0.041391 0.090937
0 0.148102 0.514258 0.036391 0.095664
