0 0.369086 0.748652 0.102891 0.077227
0 0.601547 0.809961 0.063063 0.118398
0 0.214922 0.836250 0.077188 0.077227
0 0.250547 0.744346 0.073687 0.059863
0 0.161203 0.739238 0.081875 0.064219
0 0.231852 0.686689 0.071359 0.061309
0 0.211422 0.630410 0.079531 0.062617
0 0.135508 0.666904 0.067859 0.062910
0 0.157695 0.512891 0.072516 0.073125
0 0.081781 0.572012 0.088875 0.088906
0 0.108648 0.628877 0.077203 0.071543
0 0.192148 0.578574 0.073703 0.069922
0 0.280906 0.514346 0.094719 0.081621
0 0.313609 0.561064 0.083031 0.070215
0 0.328211 0.616533 0.081859 0.081895
0 0.348648 0.675586 0.073703 0.065703
0 0.424617 0.664639 0.057234 0.093418
0 0.546016 0.954287 0.101719 0.091426
3 0.346516 0.840313 0.185125 0.157227
1 0.654234 0.781445 0.014031 0.019609
1 0.644320 0.803135 0.009078 0.015488
1 0.643492 0.815518 0.010734 0.015488
1 0.657125 0.816035 0.011562 0.016523
1 0.667047 0.809326 0.013219 0.019629
1 0.681906 0.822227 0.014875 0.016523
1 0.689344 0.793838 0.016531 0.019629
3 0.965766 0.211309 0.068469 0.092109
3 0.950937 0.464219 0.098125 0.117344
3 0.663945 0.150195 0.107984 0.300391
3 0.125195 0.339688 0.250391 0.218047
3 0.170891 0.414600 0.218344 0.189863
3 0.245648 0.453906 0.109172 0.108281
3 0.344141 0.913486 0.256312 0.173027
3 0.417125 0.946113 0.169687 0.107773
