3 0.939070 0.090430 0.121859 0.087656
1 0.639781 0.832041 0.014875 0.015488
3 0.388047 0.963174 0.125781 0.073652
3 0.311508 0.930537 0.226641 0.138926
3 0.300234 0.878135 0.185125 0.146855
3 0.198180 0.492480 0.113922 0.114219
3 0.125203 0.456875 0.210031 0.185430
3 0.100281 0.376035 0.200563 0.204688
3 0.617656 0.171699 0.112812 0.343398
1 0.633172 0.858887 0.016531 0.021680
3 0.948562 0.154941 0.102875 0.092109
3 0.958055 0.304023 0.083891 0.105469
3 0.942625 0.240234 0.114750 0.111406
3 0.927797 0.484980 0.144406 0.149961
1 0.603430 0.822236 0.014859 0.024785
1 0.594344 0.842891 0.011562 0.016523
1 0.593930 0.858896 0.014047 0.017559
1 0.609219 0.855273 0.011563 0.018594
1 0.618297 0.847529 0.013219 0.019629
0 0.088203 0.706318 0.076031 0.062637
0 0.552500 0.849385 0.060719 0.112246
0 0.503969 0.973271 0.085375 0.053457
0 0.323539 0.784492 0.093547 0.078828
0 0.375500 0.703330 0.057344 0.100723
0 0.299016 0.712881 0.070188 0.067012
0 0.205578 0.780693 0.072531 0.059863
0 0.169953 0.871289 0.076031 0.077227
0 0.118578 0.774932 0.076031 0.062637
0 0.186312 0.726025 0.078375 0.067285
0 0.280906 0.655225 0.083031 0.077520
0 0.265727 0.599678 0.080703 0.071543
0 0.233031 0.556680 0.094719 0.081602
0 0.145437 0.617285 0.069031 0.065820
0 0.112148 0.550117 0.072516 0.074297
0 0.041508 0.609893 0.083016 0.083223
0 0.066016 0.665361 0.073687 0.068613
0 0.165875 0.670557 0.081875 0.067012
