3 0.869234 0.556924 0.188688 0.145527
3 0.094945 0.947598 0.187484 0.104805
3 0.903055 0.604395 0.177984 0.151445
3 0.931945 0.677070 0.136109 0.166289
3 0.077734 0.901123 0.155469 0.133496
3 0.385086 0.212803 0.153078 0.394707
3 0.760656 0.211318 0.156625 0.109902
3 0.759469 0.287705 0.201719 0.135137
3 0.790914 0.354453 0.179172 0.141055
3 0.760063 0.541348 0.288344 0.212266
1 0.351313 0.873096 0.015531 0.022402
1 0.338570 0.900234 0.009953 0.028867
0 0.040141 0.638076 0.073094 0.071777
0 0.069820 0.746953 0.072109 0.060820
0 0.093180 0.818730 0.083797 0.060820
0 0.053281 0.692822 0.076000 0.071777
1 0.380602 0.914424 0.013547 0.018418
1 0.358891 0.910937 0.021906 0.018437
0 0.300047 0.897197 0.069094 0.113145
0 0.135031 0.739648 0.054594 0.102187
0 0.026664 0.587588 0.053328 0.065684
1 0.438758 0.883555 0.016734 0.023398
