1 0.642250 0.800547 0.013219 0.016523
1 0.644734 0.815000 0.009906 0.014453
1 0.657539 0.813975 0.010734 0.016504
1 0.669102 0.807256 0.010734 0.015488
0 0.347539 0.676387 0.073578 0.069922
0 0.426367 0.661133 0.051391 0.106562
0 0.546078 0.955752 0.094594 0.088496
0 0.602719 0.809170 0.063063 0.110957
0 0.161203 0.510771 0.072531 0.071543
0 0.083531 0.569824 0.085375 0.093281
3 0.126383 0.334502 0.252766 0.222480
1 0.682320 0.818105 0.014047 0.018594
1 0.688930 0.790225 0.015703 0.014473
3 0.416531 0.945371 0.166125 0.109258
3 0.348883 0.842539 0.192234 0.146836
3 0.340578 0.912744 0.270563 0.174512
0 0.216148 0.839902 0.077078 0.076055
0 0.160672 0.739092 0.075906 0.067168
0 0.234250 0.690264 0.075906 0.068770
0 0.330602 0.615127 0.084078 0.081816
0 0.314836 0.553691 0.087578 0.073008
0 0.281547 0.512090 0.091094 0.086133
0 0.191039 0.579229 0.066578 0.068613
3 0.246836 0.450937 0.109172 0.108281
3 0.175641 0.409404 0.218344 0.185410
3 0.962797 0.212793 0.074406 0.095078
3 0.953898 0.459023 0.092203 0.109922
3 0.665727 0.152051 0.102047 0.304102
0 0.372648 0.750840 0.098109 0.078984
0 0.252352 0.743545 0.070078 0.070215
1 0.653414 0.779385 0.012391 0.019629
0 0.214398 0.628223 0.078234 0.064375
0 0.109875 0.623115 0.072406 0.065840
0 0.134984 0.667559 0.066562 0.064219
