0 0.017563 0.763184 0.035125 0.042344
3 0.160211 0.890742 0.182734 0.124609
3 0.165555 0.946113 0.229016 0.107773
3 0.053406 0.345625 0.106813 0.117188
3 0.062898 0.446475 0.125797 0.123066
3 0.090789 0.508047 0.105609 0.103828
3 0.531633 0.215020 0.156641 0.387305
3 0.878133 0.192773 0.137641 0.096562
0 0.405938 0.905664 0.059563 0.116797
0 0.243016 0.737051 0.053719 0.097813
0 0.188648 0.811426 0.099391 0.062930
0 0.039156 0.871943 0.071344 0.061309
0 0.081781 0.788799 0.070187 0.055605
0 0.168789 0.739160 0.073703 0.055625
0 0.155945 0.677852 0.080703 0.070234
0 0.065992 0.734717 0.068953 0.052559
0 0.050836 0.677119 0.069016 0.062637
1 0.447297 0.920332 0.011563 0.014453
1 0.448125 0.906396 0.013219 0.021699
1 0.494797 0.899678 0.015688 0.022715
1 0.487367 0.928076 0.012391 0.019629
1 0.472906 0.913105 0.014875 0.022734
1 0.461344 0.918271 0.013219 0.018574
1 0.460102 0.884189 0.012391 0.022715
3 0.900086 0.262480 0.150703 0.096563
3 0.892969 0.333682 0.191062 0.117324
3 0.913555 0.402666 0.172891 0.130684
3 0.960430 0.680781 0.079141 0.102500
3 0.943219 0.612549 0.113562 0.129199
3 0.870836 0.573984 0.258328 0.185547
0 0.147180 0.620186 0.084203 0.065840
0 0.119156 0.570557 0.088875 0.071387
0 0.033328 0.625303 0.066656 0.067012
