1 0.514461 0.325195 0.010266 0.026250
1 0.400164 0.005889 0.010266 0.010488
0 0.912211 0.055146 0.063922 0.029160
0 0.930164 0.085498 0.063922 0.029160
0 0.909836 0.105908 0.050328 0.029160
0 0.991797 0.117568 0.016406 0.029160
0 0.992477 0.155225 0.015047 0.034473
1 0.937633 0.248789 0.010266 0.026250
1 0.849273 0.010547 0.010266 0.021094
1 0.935766 0.234805 0.010250 0.026250
0 0.382352 0.568926 0.031859 0.084805
0 0.463125 0.041338 0.072187 0.039590
0 0.930570 0.525430 0.031859 0.084805
0 0.918805 0.631045 0.040078 0.089160
3 0.618391 0.614424 0.065906 0.179629
3 0.487094 0.568076 0.058250 0.163887
0 0.986266 0.011826 0.028156 0.019355
0 0.334453 0.123662 0.032344 0.062441
1 0.506531 0.329551 0.010250 0.026250
