0 0.468281 0.406299 0.023687 0.045645
0 0.607672 0.612666 0.033500 0.027363
0 0.842352 0.502441 0.033484 0.027344
0 0.892742 0.430127 0.033484 0.027363
0 0.901609 0.448203 0.033500 0.027344
0 0.985547 0.329102 0.020969 0.026602
0 0.943234 0.361035 0.025906 0.033047
0 0.864508 0.376064 0.025891 0.036309
0 0.865477 0.421934 0.033484 0.027344
0 0.180336 0.908164 0.061141 0.036602
3 0.414742 0.749668 0.120016 0.060547
0 0.127758 0.657822 0.025734 0.054395
0 0.580273 0.533945 0.024172 0.048516
0 0.555023 0.556357 0.019547 0.046309
0 0.661672 0.313154 0.018563 0.040215
0 0.645469 0.321250 0.018562 0.040234
0 0.613000 0.338203 0.018562 0.040234
1 0.295227 0.772021 0.008109 0.017207
0 0.057539 0.633740 0.027234 0.054082
1 0.384234 0.422861 0.008094 0.017207
1 0.413664 0.415342 0.008109 0.022441
1 0.321055 0.453906 0.008109 0.017227
1 0.314031 0.455068 0.008094 0.017207
0 0.152781 0.550635 0.023687 0.045293
0 0.206422 0.554932 0.023687 0.054082
0 0.247953 0.515859 0.023687 0.054102
0 0.218562 0.621416 0.023687 0.054082
0 0.278062 0.660244 0.023687 0.054082
0 0.365531 0.536270 0.023687 0.045664
0 0.358531 0.458115 0.023687 0.045645
0 0.420109 0.413213 0.023687 0.045645
0 0.398188 0.437119 0.023688 0.045645
0 0.555375 0.441318 0.026594 0.040215
